14 96
1 2 0 2 1 0 1 1 16 8 105 5 3 0 0 3 7 2 3 0 0 1 1 2 11 24 7 43 0 0 1 1 13 13 120 1 0 4 0 2 3 8 22 10 0 3 2 5 6 2 0 13 0 3 0 0 46 59 223 27 0 0 0 1 8 4 7 4 0 6 2 0 0 8 0 11 0 0 0 0 3 5 42 2 0 0 0 0 0 2 4 0 0 0 2 2
1 0 2 3 1 1 0 4 39 45 176 22 28 64 3 16 55 42 40 28 1 7 1 0 13 51 16 99 0 0 1 0 7 38 187 25 0 7 2 5 29 34 48 43 0 5 9 7 2 6 4 17 0 8 1 7 99 229 232 72 1 20 3 5 211 105 121 128 0 5 3 6 0 4 0 8 0 1 0 1 24 39 82 16 1 11 0 3 61 64 34 28 0 4 6 6
0 2 1 0 0 1 0 0 1 4 168 2 0 0 0 4 2 0 4 1 0 0 0 0 4 8 3 4 4 0 0 0 4 1 165 3 0 0 0 0 0 1 3 4 0 0 0 0 1 1 0 0 0 2 0 0 19 11 142 5 0 3 0 0 0 0 1 0 0 0 0 0 2 1 0 3 0 0 0 0 3 5 83 0 0 0 0 0 0 1 0 0 0 0 0 1
0 10 0 5 2 2 1 2 27 16 256 29 1 3 0 3 5 8 22 7 0 0 0 2 15 17 10 57 0 1 2 1 10 16 269 21 2 4 1 3 8 18 36 11 0 2 11 3 0 2 3 20 0 4 2 2 62 57 318 67 0 2 0 0 18 5 23 2 0 0 0 2 2 9 1 12 4 0 1 5 10 9 122 2 0 0 0 0 12 5 7 3 1 3 1 1
0 2 1 2 0 0 0 0 5 2 136 0 4 3 0 0 0 6 9 0 0 0 0 0 0 1 1 8 0 0 1 0 5 1 137 5 0 2 1 1 0 5 4 1 0 6 3 5 0 0 4 2 0 0 0 0 9 17 130 4 0 0 0 0 10 6 12 2 0 0 1 0 0 1 0 1 0 0 0 0 4 5 74 0 0 0 1 0 0 6 5 3 0 0 1 1
7 11 0 0 3 6 1 1 11 9 23 7 1 2 2 1 2 1 11 7 2 2 5 0 2 2 3 7 0 1 3 6 5 4 43 14 1 2 2 1 2 4 10 1 0 2 4 1 2 1 0 1 1 3 4 1 3 13 23 10 0 3 2 1 1 1 3 3 2 3 12 4 0 3 2 4 8 6 3 2 10 11 16 10 1 1 2 0 1 1 2 4 2 2 0 1
5 6 1 2 0 0 0 0 20 19 35 12 9 11 0 9 10 1 10 14 0 0 0 0 3 7 4 15 2 0 0 2 12 13 22 13 2 1 2 1 2 0 6 10 0 1 1 0 3 12 4 4 0 1 0 0 51 52 44 44 4 1 0 1 19 14 16 17 0 0 1 3 0 5 0 6 2 2 0 2 31 20 12 26 2 1 0 0 16 6 7 7 0 6 0 3
2 0 2 1 0 0 2 0 7 5 158 11 0 2 0 1 14 27 30 8 2 0 7 7 8 10 1 26 0 0 0 0 6 5 131 8 0 0 1 0 9 11 49 13 0 4 2 11 3 9 0 15 1 1 0 2 14 30 130 23 0 0 0 3 20 16 19 13 0 0 2 3 2 4 0 5 0 0 0 2 3 5 61 2 0 1 0 0 6 2 8 2 0 2 3 4
2 0 2 1 0 0 2 0 9 20 341 8 0 4 1 3 21 33 43 11 2 3 7 7 17 26 6 66 0 0 0 0 8 7 317 12 0 4 1 4 22 26 110 32 0 10 5 15 1 12 1 18 1 2 0 0 26 59 397 43 1 2 0 3 36 31 39 22 0 4 4 11 2 9 2 7 0 1 0 3 3 5 130 1 1 0 0 0 6 5 19 4 0 0 3 1
2 1 2 2 0 0 2 2 8 21 256 14 0 4 2 1 20 32 55 10 2 0 7 8 16 18 2 40 0 0 0 0 7 6 216 11 0 1 1 6 20 27 82 34 1 16 7 26 3 12 0 24 1 2 0 0 20 52 217 42 1 1 1 3 51 28 31 21 0 0 3 9 3 4 0 6 0 0 0 5 3 6 97 3 0 2 0 1 10 5 12 4 0 2 3 4
0 1 0 1 0 0 0 0 8 15 33 14 3 0 2 0 12 3 31 4 0 0 0 0 10 19 7 52 0 0 0 0 9 6 34 7 0 3 2 0 4 11 33 16 1 7 1 7 1 3 0 8 1 4 0 2 16 38 51 27 8 2 2 1 20 7 27 18 0 1 1 1 1 2 0 17 1 0 0 1 7 7 34 5 1 1 0 2 23 9 17 6 0 0 0 0
0 3 0 4 2 1 0 0 12 30 41 11 3 5 3 5 28 13 64 12 2 0 2 1 20 31 10 99 0 0 0 0 14 14 46 8 3 2 4 0 16 22 92 31 0 9 10 10 2 9 0 13 0 4 1 2 30 65 92 39 3 6 8 3 41 13 56 23 2 1 1 5 2 7 0 27 1 4 0 2 11 18 33 5 2 2 1 6 25 13 25 15 1 0 2 2
4 4 2 5 1 1 2 2 7 14 45 8 0 0 0 0 7 7 22 9 4 4 3 1 5 0 1 2 2 1 2 7 11 14 57 7 0 3 0 1 1 12 15 3 0 7 1 1 3 6 12 3 4 10 1 8 4 7 42 6 0 3 2 1 4 6 13 6 1 2 8 0 0 0 2 5 0 4 0 4 6 12 24 6 0 3 0 2 0 0 7 1 0 3 1 4
10 4 2 2 4 11 8 12 12 11 26 9 0 4 4 1 11 8 18 27 1 2 2 9 2 7 0 4 1 3 1 8 11 10 35 1 0 0 1 1 3 2 10 16 0 3 2 4 7 3 1 5 4 3 3 2 3 8 20 4 0 2 0 3 9 4 4 5 1 3 0 1 2 4 3 2 5 5 1 4 9 12 28 14 0 2 0 1 1 1 8 11 3 9 5 5
