11 96
3 3 0 2 2 8 0 4 21 12 41 12 0 4 1 0 1 6 14 9 0 1 0 0 4 7 2 5 6 4 1 5 8 33 30 18 1 3 5 5 1 3 12 8 0 2 1 4 11 7 3 7 5 6 2 1 6 6 34 20 0 2 2 6 3 3 10 8 3 3 0 3 0 4 3 3 0 0 7 1 5 14 23 5 0 0 0 2 3 0 5 9 0 2 5 5
0 5 1 4 2 4 0 2 10 5 36 5 2 1 0 0 8 4 15 11 0 1 2 0 3 8 5 1 3 5 3 4 15 21 40 16 1 0 5 2 4 3 10 10 0 1 5 1 0 1 3 2 7 2 0 4 16 8 49 11 0 1 0 1 4 5 9 4 0 0 2 1 1 2 1 1 2 0 0 2 9 20 42 13 0 0 0 0 2 0 6 4 0 2 4 2
0 9 4 0 0 2 0 0 10 7 35 16 0 6 3 3 6 2 17 11 0 0 6 3 1 9 2 1 2 5 0 3 7 10 30 20 0 8 1 0 3 5 16 2 0 0 4 0 6 3 1 1 2 2 0 3 5 10 25 9 0 1 1 0 4 2 6 4 0 0 1 0 0 6 2 3 3 4 0 1 9 7 28 7 2 3 0 1 1 3 11 3 0 1 4 0
0 1 0 2 1 2 0 3 13 9 54 7 0 0 0 0 13 12 12 6 0 0 3 0 4 2 3 1 5 1 1 4 8 10 47 19 0 0 2 1 3 5 9 9 0 5 5 5 1 0 3 1 0 0 1 1 10 5 35 11 3 0 0 0 8 0 11 6 1 2 0 1 0 1 1 0 0 4 0 8 12 12 23 8 0 0 0 1 2 7 11 1 0 2 5 0
0 4 1 1 5 1 2 3 10 2 19 3 0 3 3 2 3 4 26 9 0 0 2 0 1 2 0 4 3 1 2 3 14 7 36 16 0 2 2 0 3 6 12 10 4 2 3 3 2 3 4 5 2 2 0 3 9 4 39 14 1 1 0 0 4 0 11 6 0 2 0 2 0 3 1 2 4 7 5 6 4 8 26 11 0 0 2 2 3 2 2 1 2 0 0 1
4 4 6 1 2 2 2 8 18 21 60 13 3 4 1 2 22 6 12 18 1 0 4 7 1 1 3 4 1 1 4 7 11 19 71 33 0 4 2 0 7 8 23 9 3 1 7 2 2 4 7 7 3 5 0 5 21 8 58 17 2 3 0 1 4 8 9 7 0 3 1 2 1 2 3 10 3 7 4 3 10 13 54 13 3 0 4 4 4 2 7 5 0 0 0 7
3 2 4 5 2 2 3 1 11 3 19 7 1 0 1 4 12 3 7 2 0 0 3 0 16 4 7 15 2 9 2 2 10 5 38 12 2 4 1 1 2 5 9 3 0 4 2 0 15 5 5 11 4 2 3 1 3 1 20 6 2 0 0 0 4 5 2 6 0 1 3 0 8 6 0 14 6 4 0 4 6 6 10 9 0 0 0 0 4 4 1 3 0 6 0 2
1 5 0 2 5 0 1 0 5 11 23 13 0 2 3 0 4 4 9 7 1 2 3 0 7 4 1 4 0 2 5 4 15 12 39 15 0 4 5 1 1 3 7 4 0 0 5 3 12 6 0 2 2 4 4 5 8 11 16 10 0 1 1 0 2 0 4 11 1 0 5 0 1 5 0 2 0 6 0 12 11 18 18 8 0 3 0 1 2 0 3 5 0 0 1 0
14 2 3 10 13 9 4 10 33 28 94 36 2 9 5 2 32 14 72 32 1 5 6 0 12 6 4 11 5 16 12 15 41 26 100 32 3 11 6 6 9 34 76 26 6 3 12 8 7 8 5 6 5 7 21 8 25 32 62 26 7 5 16 4 25 22 43 27 3 5 10 19 2 2 2 8 15 5 13 13 22 34 57 31 1 0 6 10 8 22 32 21 8 4 5 24
2 6 1 6 2 4 1 5 16 4 22 4 1 2 1 5 0 3 9 11 0 0 3 6 11 6 2 4 0 2 6 5 9 8 21 14 0 4 4 0 2 6 6 5 0 1 0 0 12 2 0 13 2 0 1 0 4 8 20 11 0 3 1 2 4 4 5 1 1 1 4 0 3 3 2 12 3 1 2 1 5 4 35 12 0 3 1 2 6 4 5 4 0 3 1 0
4 6 1 3 0 3 3 2 2 14 19 8 0 0 3 0 6 13 14 7 0 0 1 4 2 8 7 0 3 8 5 5 7 3 34 19 1 1 2 0 7 4 9 7 0 0 2 1 11 8 7 3 1 0 0 10 5 3 31 9 0 3 2 0 0 1 11 7 0 4 0 2 2 4 0 1 2 2 0 2 9 11 21 4 1 2 0 1 1 1 2 2 0 1 1 1
