33 96
0 5 0 0 0 1 0 2 1 2 4 1 0 0 2 0 3 0 3 0 0 0 0 0 1 0 0 0 4 0 0 9 6 3 9 2 0 0 1 0 0 0 0 0 0 0 0 0 0 0 0 0 2 0 0 3 1 2 3 2 0 0 0 0 2 0 0 0 0 0 0 0 14 5 0 16 107 52 12 129 149 38 61 73 0 1 0 0 0 0 0 0 0 0 1 0
0 0 0 0 3 1 3 5 1 3 18 0 4 1 0 2 15 18 44 5 0 0 0 0 2 5 3 15 0 6 2 3 3 4 19 1 0 4 0 1 16 10 42 23 0 2 9 7 1 2 0 2 3 2 0 1 7 10 54 11 1 3 0 0 36 18 22 16 0 0 0 0 15 10 3 12 73 25 14 112 82 40 64 49 0 0 0 0 10 14 18 4 1 1 2 1
5 11 2 2 3 2 6 4 7 0 38 3 0 0 2 0 23 0 7 5 0 0 3 0 5 4 1 6 0 0 0 4 8 5 22 7 2 0 5 0 0 0 2 0 0 1 0 0 0 0 0 3 3 0 1 5 0 0 30 1 0 3 4 0 3 2 3 0 0 0 0 0 12 8 0 10 13 7 2 30 20 10 12 13 4 0 0 2 0 5 3 0 0 11 0 0
0 0 0 2 3 0 0 2 1 5 5 2 0 0 1 0 1 0 1 1 0 0 0 0 1 0 2 0 2 0 0 6 6 4 2 3 0 0 0 0 0 0 0 0 0 0 0 0 0 0 0 1 2 0 0 1 3 2 5 1 0 0 0 0 0 0 0 0 0 1 1 0 17 12 0 12 74 36 5 126 163 42 37 93 0 0 0 0 0 0 0 0 0 0 0 0
0 0 0 0 0 1 0 0 2 1 7 1 0 4 3 0 1 2 0 0 0 0 0 0 6 1 0 1 2 2 0 1 7 1 4 4 0 0 2 0 0 0 2 0 0 1 1 1 0 0 0 1 0 2 0 0 4 2 6 1 1 0 0 0 0 0 1 1 0 2 0 0 5 10 4 11 91 27 6 108 113 28 22 42 1 0 0 0 0 2 0 0 0 0 1 0
2 0 0 0 0 0 0 0 0 0 1 0 0 0 0 0 0 2 0 0 0 0 0 0 0 0 0 0 1 0 0 0 0 0 0 1 0 0 0 0 0 122 0 3 0 0 1 0 2 0 0 0 0 1 3 1 0 0 3 0 0 0 0 0 0 0 0 0 32 24 1723 28 0 0 0 0 0 1 0 0 3 1 0 0 0 0 0 0 0 5 0 0 0 0 0 0
1 6 0 0 12 5 5 9 5 4 8 9 3 1 2 3 10 6 2 2 2 2 6 2 6 11 6 14 9 4 7 4 7 11 18 13 2 8 9 4 2 15 7 2 2 0 5 3 12 4 5 2 10 12 8 5 7 27 5 5 0 4 10 5 6 3 6 3 0 0 1 0 5 7 0 6 10 10 5 3 9 16 12 12 0 0 1 4 0 2 1 1 1 2 6 1
2 9 0 5 0 1 0 0 25 40 98 16 3 4 1 10 32 19 41 15 2 3 0 0 31 27 15 102 0 0 2 4 8 38 71 24 2 8 4 4 33 30 47 21 1 7 2 6 4 1 0 16 0 4 2 2 83 119 136 68 5 6 3 7 37 18 32 25 0 0 0 2 0 6 0 8 1 0 0 1 9 18 34 13 4 0 0 1 18 27 13 8 0 0 0 0
0 1 0 0 0 0 0 1 3 4 0 0 0 0 0 1 0 2 1 0 0 0 2 0 0 0 0 0 0 0 0 0 0 2 1 0 0 0 0 0 0 95 0 0 0 0 2 1 0 0 0 0 0 0 0 0 1 0 4 0 0 0 0 0 0 0 0 0 190 98 3791 74 0 0 0 0 0 0 0 1 2 1 3 1 0 0 0 0 0 4 2 0 0 2 0 0
5 8 2 3 7 11 3 28 11 8 15 5 4 2 1 2 5 9 2 6 0 3 8 1 21 7 1 10 28 3 2 14 63 8 33 31 0 4 1 3 2 0 0 4 0 1 1 6 6 12 1 5 7 5 2 10 38 20 38 10 0 1 2 0 1 0 6 2 3 1 2 0 260 132 24 109 1034 305 92 1247 1580 354 283 615 2 3 0 4 4 6 6 4 0 2 1 2
2 1 0 0 2 0 0 4 2 1 2 2 1 0 4 0 0 1 0 0 0 0 0 1 0 0 0 1 1 0 0 4 9 1 8 3 0 4 0 0 0 2 0 2 0 3 0 0 0 0 0 0 0 1 0 2 4 4 1 1 0 2 0 0 0 0 0 0 0 0 0 0 14 13 7 14 74 43 18 91 149 51 47 91 0 0 0 0 0 0 0 2 0 0 2 0
0 15 5 56 6 1 0 2 10 29 141 31 3 1 0 10 12 21 17 40 6 21 2 46 33 8 8 107 0 1 0 2 3 5 137 33 0 3 4 6 3 10 8 14 7 9 26 64 11 22 1 54 2 2 0 1 25 137 229 150 0 8 0 5 53 34 41 45 0 11 4 12 272 83 30 2025 1 1 0 0 47 131 2550 298 2 4 5 11 17 50 21 27 36 39 14 282
0 4 0 1 3 3 0 3 35 38 54 13 2 11 0 1 25 8 24 6 0 1 2 1 19 25 19 62 1 0 0 0 13 17 80 16 0 1 4 1 14 11 52 7 1 0 7 2 0 4 5 1 0 10 0 5 71 96 142 47 0 1 0 0 29 14 19 18 0 1 3 4 2 7 2 19 0 1 0 4 17 20 57 6 0 1 0 1 19 4 21 6 0 0 0 0
3 12 0 0 1 1 2 3 3 0 6 0 0 0 0 0 2 0 2 1 0 0 0 0 0 0 1 1 3 1 0 5 5 1 6 1 0 0 0 0 1 1 0 2 0 0 0 0 1 2 0 0 2 3 0 0 4 4 3 1 0 1 0 3 0 0 1 0 0 0 0 0 20 18 4 11 182 61 18 203 221 50 41 116 0 1 0 1 0 2 1 0 0 1 0 0
0 8 1 2 2 1 1 4 14 12 117 11 1 3 2 1 31 14 48 6 2 8 1 0 7 20 8 66 0 0 2 0 12 11 86 7 1 1 1 4 10 30 75 16 0 12 8 12 3 5 5 5 0 3 2 1 33 51 134 31 0 3 0 4 25 14 39 12 0 4 3 8 4 10 0 6 11 3 1 9 7 17 41 20 0 2 1 0 9 8 9 10 2 2 3 0
7 7 3 1 2 1 4 7 23 16 49 19 3 3 3 1 5 7 24 17 2 2 1 0 3 4 5 1 6 1 7 6 18 8 82 24 0 4 9 0 7 4 13 12 1 1 6 2 1 10 5 3 3 7 1 7 10 10 55 17 1 0 2 1 4 2 6 3 0 3 9 0 2 6 1 5 2 3 0 9 23 19 28 16 2 1 2 4 1 5 10 5 5 0 4 1
0 4 0 0 1 0 0 1 1 0 0 2 0 0 0 0 8 3 0 0 0 0 0 0 0 0 0 0 2 0 0 0 6 2 6 3 0 0 0 0 0 0 0 0 0 0 0 0 6 2 0 0 2 0 0 2 2 0 1 1 0 0 0 0 1 0 0 0 0 0 0 0 7 10 0 3 47 27 7 66 91 24 23 41 0 1 0 0 0 0 0 0 0 0 1 0
0 0 0 0 0 1 0 0 0 2 4 0 0 0 0 0 0 0 0 0 0 0 0 0 0 0 0 0 2 0 0 1 7 1 7 0 0 0 1 0 0 0 0 0 0 0 0 1 0 1 0 0 0 0 0 3 5 3 3 1 0 0 0 0 0 0 0 2 0 0 0 0 19 7 3 13 51 12 3 55 93 30 35 67 0 0 0 0 0 0 0 0 0 0 0 0
1 0 0 0 5 0 0 0 6 0 1 6 0 2 0 0 0 5 0 0 0 0 1 0 2 4 0 0 2 0 0 4 11 4 5 10 0 4 0 0 0 2 0 2 0 0 0 3 5 0 1 0 2 1 0 1 3 5 4 7 0 2 0 0 0 0 0 0 0 0 0 0 25 13 8 15 134 34 10 135 241 79 55 124 0 0 0 0 0 2 0 0 0 0 1 0
4 3 1 2 0 2 0 3 64 56 17 82 2 0 4 0 1 0 3 2 0 3 7 0 4 0 0 10 1 1 1 0 73 74 41 106 0 0 0 1 1 2 0 1 0 0 0 1 4 1 0 2 2 2 0 1 55 69 29 103 1 2 4 0 1 1 2 2 0 0 5 3 2 1 0 0 1 3 1 3 73 73 28 130 0 4 7 2 0 2 0 0 0 2 0 2
0 5 2 9 0 2 1 0 37 26 89 19 1 5 1 12 24 26 59 12 0 1 1 2 8 30 12 61 1 0 3 2 19 19 89 20 3 8 5 1 22 18 69 23 0 4 8 3 3 1 0 10 4 14 0 2 77 117 203 83 1 8 1 5 61 35 54 35 0 0 2 1 0 5 2 23 0 0 0 1 11 15 58 4 0 5 2 0 19 27 40 12 0 3 0 0
0 0 0 0 1 2 2 0 5 2 7 3 0 0 0 0 0 0 0 0 0 0 0 0 1 0 0 4 2 0 0 2 4 3 7 0 0 0 0 0 0 1 0 0 0 0 0 0 0 0 1 0 0 2 0 0 0 2 3 3 0 0 0 1 1 0 0 1 0 0 0 0 8 5 5 4 45 10 4 74 106 31 33 57 1 0 0 0 0 0 2 2 0 0 0 0
0 0 0 2 0 0 0 0 1 0 6 1 0 0 1 0 0 0 0 2 0 0 0 0 2 0 0 0 6 2 0 2 6 0 0 2 0 0 2 0 0 0 1 0 0 0 0 0 0 0 0 1 0 0 2 0 9 2 0 1 0 0 0 0 0 0 0 0 0 0 0 0 6 6 4 6 84 24 2 102 164 42 28 64 0 1 0 0 0 0 0 0 0 0 0 0
5 3 2 0 3 0 0 2 1 0 6 0 0 0 0 1 0 0 2 0 0 0 0 0 0 2 0 0 0 0 0 3 9 1 4 5 0 0 0 0 0 0 6 7 0 2 0 0 1 0 0 1 2 0 1 5 3 1 8 0 0 0 0 0 0 0 0 0 0 0 0 0 8 4 0 11 61 19 5 80 60 24 21 38 0 0 0 1 0 0 0 0 0 1 0 0
0 4 0 4 1 0 0 2 4 4 4 0 0 5 2 3 4 3 0 1 3 0 0 0 4 0 1 0 4 0 0 0 11 5 8 6 0 4 0 5 3 7 2 4 0 0 0 11 1 1 0 1 2 4 0 4 4 8 3 3 2 2 3 0 0 1 2 2 0 0 0 0 65 24 2 14 103 31 10 142 172 40 45 81 0 0 0 7 1 6 1 4 2 1 2 1
0 1 0 0 0 1 0 0 11 5 39 2 4 3 4 3 0 0 6 1 1 0 4 0 3 10 2 16 3 0 3 1 8 11 16 7 0 1 2 1 1 2 11 3 0 0 1 2 0 1 1 0 3 0 1 3 26 36 28 17 0 7 3 1 2 3 3 8 0 2 1 0 19 18 0 21 98 40 4 97 167 51 62 68 0 0 0 0 1 11 6 8 0 0 0 0
0 0 0 0 6 2 2 5 5 0 10 3 0 2 0 1 0 0 0 1 0 1 0 0 3 3 0 3 4 2 1 1 16 5 8 4 0 0 0 0 0 0 0 0 0 0 0 0 0 1 0 1 0 2 1 4 8 8 10 5 0 0 0 0 0 0 3 1 0 1 0 0 21 8 2 5 296 99 26 254 237 54 72 119 0 0 0 0 1 0 0 0 2 0 0 0
6 4 4 2 2 1 3 4 7 10 23 2 13 5 6 26 35 34 80 22 3 1 1 5 13 8 6 28 3 1 0 2 3 7 29 7 7 5 5 5 18 28 90 33 0 10 19 10 3 4 3 6 2 8 0 2 8 19 43 21 7 4 4 4 104 37 43 73 0 2 1 7 2 13 0 12 5 2 4 9 7 1 7 2 6 4 9 8 11 14 15 10 2 1 2 9
1 7 1 7 2 4 1 1 14 5 50 7 1 13 4 7 14 10 33 2 1 0 2 2 9 14 4 26 2 6 7 4 9 7 59 13 2 5 6 3 14 9 23 11 0 4 1 6 2 3 2 3 2 3 1 10 25 34 43 25 9 3 5 6 23 23 23 11 0 3 5 2 9 5 5 7 4 10 2 13 14 5 25 8 1 5 0 2 11 8 9 8 3 2 2 5
12 3 1 9 2 4 1 1 4 0 4 2 0 0 0 0 0 0 3 1 0 0 0 0 4 0 0 0 2 2 0 6 20 1 12 2 0 0 1 0 0 4 0 0 0 0 3 4 0 0 1 8 3 2 3 6 10 8 9 7 3 3 0 0 2 0 0 0 0 0 5 7 40 26 3 18 125 57 18 237 330 75 79 181 0 2 0 0 0 4 0 0 0 1 1 0
0 0 0 1 0 0 0 1 2 0 6 1 0 0 2 0 0 0 1 0 0 0 0 0 0 1 1 0 1 0 1 3 2 2 1 3 1 0 0 2 0 1 0 0 0 0 0 0 0 0 0 2 0 0 1 0 1 4 2 1 0 1 2 2 0 0 1 0 0 0 0 0 15 7 2 10 67 19 1 69 116 27 35 62 0 0 0 0 0 0 0 2 0 0 0 0
0 1 0 0 0 3 1 0 4 2 3 0 0 0 0 0 0 1 0 0 0 0 0 0 0 2 1 0 3 0 0 1 6 1 4 1 0 0 0 0 0 0 0 0 0 0 0 0 0 0 0 0 0 0 1 2 6 1 1 1 0 0 0 0 0 1 0 0 0 0 0 0 15 5 1 5 61 30 3 100 162 39 23 81 0 0 0 0 0 0 0 0 0 0 0 0
0 1 0 0 1 1 0 0 2 0 6 1 0 0 0 0 0 0 2 0 0 0 0 2 0 2 0 2 3 2 0 0 12 1 3 4 0 0 0 0 0 0 1 0 0 0 0 0 3 0 0 0 0 0 0 0 9 4 3 3 0 0 0 0 0 0 1 0 0 0 0 0 25 11 2 10 66 17 11 65 119 35 31 79 0 0 0 0 0 2 0 0 0 3 0 0
