27 96
0 1 0 0 3 3 0 0 0 3 7 4 0 2 3 0 0 0 3 0 0 1 5 0 1 1 1 1 1 0 0 2 8 3 12 6 0 2 1 2 0 1 0 0 0 0 1 0 2 2 2 0 0 5 0 4 7 3 12 5 0 0 0 0 0 3 3 2 1 0 0 0 33 20 22 16 191 64 8 194 294 67 93 140 0 0 0 0 0 0 0 0 1 0 0 0
0 0 0 3 2 0 0 5 1 1 6 0 0 0 0 0 1 0 4 0 0 0 0 0 0 2 1 1 10 1 0 1 7 3 15 2 0 1 0 0 0 0 0 0 0 0 0 2 1 1 0 0 0 0 0 1 6 2 15 4 1 0 0 0 2 1 0 4 0 0 0 0 9 3 1 7 56 18 11 51 82 21 31 32 0 0 0 0 0 0 0 0 0 0 0 0
0 0 0 2 1 0 0 0 0 1 5 1 0 0 0 0 0 0 0 0 0 0 0 0 0 0 1 0 3 2 0 0 5 1 8 5 0 0 0 0 1 0 0 0 0 0 0 0 0 1 0 0 2 0 0 0 0 2 12 12 0 0 0 0 0 0 0 0 0 0 0 0 13 4 2 4 74 12 7 62 100 41 40 53 0 0 1 0 0 0 0 0 0 0 0 0
1 0 1 0 1 4 2 0 3 7 24 1 0 0 1 0 0 4 5 4 0 0 2 0 2 0 4 1 0 0 3 1 8 3 34 4 0 0 1 0 5 1 2 6 0 0 4 2 5 0 1 1 2 0 0 0 4 6 23 12 0 0 1 0 1 4 5 3 0 0 0 2 5 5 0 6 38 8 1 47 99 34 51 51 0 0 1 0 0 1 1 0 0 1 0 0
2 2 1 1 1 2 2 0 2 5 11 1 0 0 0 0 0 0 2 0 0 0 0 0 2 0 1 0 1 0 0 0 3 3 16 5 0 0 0 0 0 0 2 0 0 0 0 5 0 2 1 0 1 1 0 0 1 2 16 5 0 0 0 0 0 0 1 0 2 0 0 0 8 5 3 6 74 13 4 49 87 26 29 60 0 0 0 2 0 0 0 0 0 0 0 0
0 0 0 0 2 1 0 3 6 2 17 2 0 0 0 0 0 1 0 3 0 0 0 0 2 2 2 3 10 2 4 11 17 6 21 6 0 0 0 2 0 0 0 2 0 1 0 0 4 0 3 1 2 2 0 2 9 15 21 6 0 0 0 0 0 0 0 1 2 1 0 1 35 30 11 9 403 117 70 429 481 134 156 199 0 0 0 0 0 2 0 0 0 1 1 0
0 1 0 0 0 0 1 2 0 3 7 0 0 2 0 0 0 2 2 0 0 0 1 0 2 0 0 1 0 0 1 2 4 4 4 3 1 0 0 0 0 0 1 2 0 0 0 0 0 3 0 5 0 0 0 0 5 1 13 1 0 4 0 0 0 0 2 0 1 0 0 0 11 5 3 6 45 16 2 42 88 29 54 58 0 0 0 0 0 0 0 1 0 0 0 0
6 3 0 5 7 3 14 3 7 8 14 9 1 1 4 4 8 2 16 12 0 3 6 2 9 2 2 6 7 4 7 10 20 19 39 18 1 1 4 10 15 27 22 17 0 2 9 5 3 6 3 4 7 5 3 7 15 13 10 22 2 5 6 2 11 18 24 20 1 4 3 2 12 6 3 5 57 25 9 49 50 22 16 18 0 1 1 6 10 14 12 17 2 7 7 5
3 5 1 3 5 5 5 0 11 9 24 8 6 3 5 1 13 8 15 18 2 0 2 2 3 4 2 6 3 3 8 4 15 10 33 12 4 0 7 6 13 15 30 17 0 1 4 2 1 8 1 1 4 8 4 4 4 13 17 23 5 2 1 1 8 15 14 18 1 4 5 2 0 1 2 0 10 5 7 6 15 10 8 12 0 2 2 0 8 10 7 21 2 9 9 4
1 0 0 0 2 0 0 1 5 5 24 0 0 2 1 1 1 0 0 1 0 0 1 0 2 4 1 0 2 1 1 0 15 4 27 4 0 0 0 0 0 0 5 0 0 1 0 2 4 0 0 2 1 0 0 0 6 7 13 5 0 3 0 0 0 1 0 0 1 0 0 0 32 14 1 18 99 41 13 99 201 66 67 83 0 0 0 0 1 4 1 5 0 0 1 0
2 5 3 2 1 0 2 0 4 4 9 3 0 4 1 1 0 3 0 2 0 0 1 3 6 3 5 9 1 3 0 3 5 3 9 4 1 0 5 2 0 2 4 1 0 0 3 0 4 9 1 6 1 0 2 3 5 3 15 3 1 5 1 2 2 0 4 0 3 0 1 0 9 9 8 2 39 15 3 47 62 27 25 24 0 1 1 0 0 0 4 0 0 2 0 0
0 0 0 1 4 0 0 1 3 0 5 5 0 0 0 0 1 1 0 0 0 0 0 0 2 2 2 0 1 0 0 0 4 0 6 2 0 0 0 1 0 0 4 1 0 0 0 0 1 4 0 0 0 0 0 2 5 0 11 1 0 0 0 0 1 1 0 1 0 0 0 0 6 5 2 7 73 20 9 85 95 28 30 41 0 0 0 0 0 3 0 1 0 0 0 0
2 1 0 2 0 0 0 1 9 2 5 1 0 2 0 0 0 0 0 0 0 0 0 0 1 1 1 2 5 1 3 1 9 2 10 7 0 0 1 0 0 0 0 0 0 0 0 1 1 8 1 0 3 0 0 1 7 4 12 2 0 0 0 0 2 0 1 0 0 0 0 0 10 2 2 4 55 17 18 96 106 29 41 61 0 2 0 0 0 0 0 0 0 0 0 0
3 4 1 0 3 0 0 4 5 1 5 6 0 0 0 0 1 0 0 0 0 0 0 0 1 0 0 2 5 1 12 4 20 8 24 10 0 0 0 0 0 3 0 0 0 0 0 0 1 0 1 2 2 2 0 3 5 2 9 4 2 0 1 0 0 1 1 1 0 0 2 0 56 35 23 61 306 68 30 356 436 149 145 237 0 0 0 0 0 0 0 2 0 0 0 0
3 9 2 30 2 2 1 0 5 14 83 10 2 0 0 3 14 20 17 11 16 17 8 75 2 5 0 30 0 0 0 2 0 6 44 7 1 0 2 5 0 15 4 8 13 15 15 61 8 18 2 30 0 1 0 1 8 37 170 56 0 3 0 10 24 86 17 47 2 29 20 65 82 18 13 732 0 5 1 4 0 67 482 51 1 2 2 3 5 44 11 26 22 42 8 245
3 2 2 0 8 0 2 2 6 0 24 7 0 2 0 0 0 0 3 0 0 0 0 0 6 0 0 6 5 3 4 13 14 6 26 6 0 0 1 0 0 0 2 3 0 0 0 0 4 4 0 5 0 1 0 4 13 6 16 4 0 0 0 0 6 0 3 1 1 0 0 0 31 22 13 24 282 91 36 273 343 105 116 181 0 0 0 2 0 9 0 1 0 0 0 0
2 1 0 4 4 1 2 2 9 3 15 1 0 2 3 0 0 0 0 1 0 0 1 0 2 3 1 2 0 2 3 6 20 1 10 11 0 0 2 1 0 0 3 0 0 0 0 0 0 4 0 5 3 1 0 1 18 5 6 8 0 0 0 0 0 0 0 0 0 0 0 1 32 21 7 12 223 96 19 196 283 95 89 127 0 2 0 0 0 3 3 0 0 0 0 0
2 0 0 0 0 0 1 2 4 3 4 1 0 0 1 0 2 0 0 0 0 0 0 0 1 0 2 1 0 0 0 1 6 5 15 8 0 1 0 0 0 0 0 1 0 0 0 0 0 0 0 3 1 0 1 1 6 1 13 3 0 0 0 0 0 0 1 1 0 0 1 0 21 9 1 8 37 23 0 46 147 41 46 82 0 0 0 0 0 0 0 1 0 0 0 1
3 1 0 0 8 4 1 3 7 5 15 4 1 3 0 0 0 0 5 1 0 0 0 1 6 0 0 2 12 3 1 14 25 6 40 17 0 7 3 2 0 0 2 5 0 0 0 2 1 1 0 3 4 0 0 6 8 4 23 10 0 0 1 3 2 0 4 1 0 2 0 0 51 34 6 26 341 101 43 324 439 137 137 199 2 0 0 4 0 1 0 2 0 0 0 1
1 0 1 0 1 0 1 0 5 0 9 6 2 0 0 0 0 0 0 0 0 0 0 1 2 3 0 1 1 0 0 3 11 2 20 1 0 0 1 0 0 0 0 0 0 1 0 0 0 2 2 3 0 1 0 0 0 3 23 2 0 0 0 0 2 3 0 0 0 0 0 0 7 9 2 0 74 18 6 81 133 49 34 88 0 0 0 1 0 1 0 0 0 0 0 0
1 0 1 0 2 1 3 6 2 3 4 1 0 0 0 1 0 0 0 0 0 0 0 0 2 3 1 0 11 0 1 4 25 2 17 7 0 1 0 0 0 0 1 2 0 0 0 0 1 0 1 1 0 0 0 3 9 4 8 4 0 0 0 1 0 0 0 0 0 0 0 2 19 20 9 11 342 108 61 288 334 92 137 130 0 0 0 0 0 0 0 0 0 0 0 0
1 1 2 2 5 1 1 2 9 2 16 2 2 1 0 0 0 0 2 0 1 0 1 0 0 0 0 0 1 0 1 3 15 5 21 9 0 0 0 0 0 1 0 2 0 0 3 2 1 2 0 1 0 2 0 0 7 4 19 2 0 0 0 0 2 2 5 0 0 0 0 0 14 7 6 16 85 45 20 130 263 115 106 192 0 2 0 0 0 3 0 1 0 0 0 0
0 3 0 0 2 0 0 0 6 2 10 0 0 0 0 2 0 0 2 0 0 0 0 0 2 2 1 1 0 0 1 1 4 2 25 1 0 0 0 0 0 0 0 0 0 0 0 0 4 4 0 0 0 0 0 0 2 3 7 0 0 0 1 0 0 0 0 0 0 0 0 0 14 14 4 10 56 12 1 99 149 53 96 59 0 0 0 0 0 1 0 0 0 0 0 0
1 3 0 0 2 0 1 0 2 1 7 0 0 1 0 0 2 1 3 0 0 0 0 0 0 0 1 3 0 2 0 0 5 3 4 5 1 0 0 0 0 1 1 1 0 0 0 0 2 1 0 1 0 0 0 0 3 2 9 0 0 0 0 0 0 0 0 0 0 0 0 0 15 3 1 11 29 10 4 48 87 21 48 64 0 0 0 0 0 1 0 0 0 0 0 0
0 0 0 0 1 0 0 0 0 0 8 0 0 0 0 0 0 0 1 0 0 0 0 0 0 1 0 0 2 1 0 1 19 1 24 1 0 2 0 1 0 0 2 1 0 0 1 2 2 0 1 0 0 0 0 2 3 6 16 0 0 0 0 0 4 5 0 0 0 0 0 2 11 7 1 5 54 13 5 52 103 32 47 40 0 0 0 0 1 0 5 1 0 0 0 0
3 1 0 5 7 3 2 7 3 4 5 1 0 0 1 0 0 1 0 0 0 0 0 0 11 5 1 0 6 2 1 8 29 13 19 16 0 1 2 0 0 1 3 0 0 0 0 3 0 0 0 3 6 1 0 5 16 5 7 5 0 0 0 0 0 2 0 0 0 0 0 0 43 27 13 24 383 122 57 428 549 146 152 249 0 0 0 0 0 0 0 0 0 0 0 1
2 6 1 0 1 1 0 0 4 0 6 1 0 0 0 0 0 0 0 0 0 0 2 0 2 1 3 2 2 3 0 6 16 10 13 7 1 0 2 0 0 1 2 1 0 0 0 0 2 0 1 2 1 0 0 2 4 2 12 5 0 0 0 0 0 0 2 1 0 0 1 0 5 6 6 6 83 25 5 59 181 46 44 63 0 0 0 0 0 2 2 1 0 0 0 0
