29 96
0 3 0 2 2 0 1 3 4 10 75 0 0 2 1 1 4 3 6 0 0 0 1 0 3 1 2 6 0 2 0 0 5 5 135 0 1 1 0 3 3 1 3 2 0 0 0 3 1 0 0 6 0 0 0 1 26 11 161 10 1 0 0 0 4 3 2 0 0 0 0 0 1 1 0 1 0 1 0 2 10 5 30 5 0 0 0 0 2 3 1 3 1 0 2 0
20 14 12 2 14 13 5 12 44 31 190 52 5 9 12 5 56 31 137 68 2 8 10 7 9 14 15 19 24 17 12 7 44 33 188 71 5 8 16 5 23 18 84 55 8 12 12 2 15 8 11 10 16 16 5 20 38 53 147 52 0 7 6 3 21 24 57 45 5 7 9 7 6 22 6 15 13 20 7 25 32 47 122 33 2 2 5 6 31 30 66 32 9 9 19 9
20 14 12 2 14 13 5 12 44 30 189 52 5 9 12 5 56 31 137 68 2 8 10 7 9 14 15 16 24 17 12 7 43 33 187 71 5 8 16 5 23 18 84 54 8 12 12 2 15 8 11 10 16 16 5 20 38 53 147 52 0 7 6 3 21 24 57 44 5 7 9 7 6 22 6 15 13 20 7 25 32 47 122 33 2 2 5 6 31 30 66 32 9 9 19 9
1 3 1 5 5 3 8 3 7 4 27 0 0 3 6 2 7 1 2 18 2 2 2 1 6 4 0 6 2 7 2 3 2 9 36 3 1 0 3 1 0 0 7 4 4 7 1 2 6 4 4 8 2 1 0 3 5 16 24 5 0 0 0 4 4 3 8 16 0 1 2 0 4 5 0 4 5 4 1 8 4 5 17 8 2 0 2 0 5 2 0 2 1 3 4 1
6 14 0 3 5 8 0 6 5 1 0 2 3 6 7 3 3 0 4 6 14 3 2 2 12 10 3 9 12 4 1 6 2 6 6 6 0 4 10 5 1 1 0 5 3 7 2 6 2 3 2 4 7 2 0 2 3 3 7 4 2 6 0 6 1 3 0 0 5 3 0 1 10 8 3 8 6 8 0 8 3 5 6 7 4 5 2 2 2 6 4 13 4 4 0 11
0 1 0 1 1 0 1 3 0 7 7 5 3 4 1 4 0 1 1 1 0 0 3 1 1 3 2 7 0 10 1 2 25 36 20 13 1 2 4 0 4 2 1 1 5 2 4 1 0 0 1 0 2 4 0 1 1 10 7 6 2 1 2 2 1 1 2 2 0 2 6 0 0 5 1 1 2 4 0 2 39 103 42 21 3 2 4 4 3 5 1 2 2 3 1 6
2 1 1 2 0 1 1 2 3 8 8 4 2 2 0 3 0 4 1 1 0 0 6 2 6 1 2 5 0 9 1 2 30 45 21 16 1 2 0 2 3 4 3 1 3 1 1 4 1 0 1 2 0 1 0 0 5 10 7 5 0 1 2 2 2 0 0 3 2 3 5 0 1 7 0 3 0 3 1 2 42 103 50 18 3 3 3 6 3 2 1 1 2 4 0 4
10 9 7 13 9 0 1 4 24 20 95 10 5 1 2 4 9 6 9 3 1 1 1 0 11 19 6 38 2 1 4 1 14 13 45 8 1 3 1 2 10 9 15 6 0 5 2 3 9 11 2 33 6 1 0 9 47 79 378 29 2 1 1 1 16 3 3 6 0 0 1 2 9 11 9 54 3 2 1 5 28 70 78 21 2 0 0 2 6 8 3 2 0 0 1 1
2 6 2 10 2 1 1 6 26 16 39 11 8 6 8 8 30 25 28 14 5 5 4 1 5 20 6 69 6 7 2 2 15 18 49 12 3 3 4 6 20 13 44 18 4 4 12 7 12 9 7 17 1 9 1 4 34 61 88 35 5 17 2 6 90 42 61 36 1 2 0 9 2 4 0 16 2 1 4 4 5 17 29 8 0 7 2 3 14 18 21 21 0 1 1 0
2 0 1 0 0 0 1 0 0 3 303 0 1 1 0 0 1 2 4 0 0 0 0 0 2 0 0 4 0 0 4 0 5 4 314 2 0 0 0 0 0 0 2 4 0 0 3 0 0 0 0 0 0 0 0 0 4 4 327 5 0 0 0 0 0 0 0 0 0 0 0 0 0 3 0 0 0 0 0 0 3 1 59 1 0 0 0 0 1 0 2 0 0 0 0 0
0 0 0 1 0 0 0 0 2 1 69 0 0 0 0 0 2 6 7 10 0 0 0 1 3 0 0 4 0 0 0 0 2 1 175 2 0 0 0 0 4 9 13 6 0 0 0 0 0 0 0 0 0 0 0 0 6 2 132 3 0 3 0 0 3 3 6 3 0 0 0 1 0 0 0 0 0 0 0 1 4 2 37 0 0 0 0 0 1 4 5 4 0 0 0 0
6 8 0 1 3 0 0 1 13 8 8 3 0 5 4 2 3 0 3 0 2 1 6 0 6 3 1 3 2 0 2 6 25 51 24 44 0 0 3 3 0 6 7 1 0 0 5 1 11 2 0 0 0 0 0 1 5 10 22 7 1 0 1 0 3 0 1 2 0 0 0 3 2 2 1 8 0 3 0 2 31 131 42 63 0 6 0 6 1 10 3 0 0 3 2 4
8 10 4 2 3 5 0 7 25 19 95 34 1 12 10 2 27 23 56 35 5 0 7 2 13 5 13 7 18 3 13 5 14 30 82 50 2 5 3 6 15 19 64 25 2 6 21 13 12 15 7 12 14 5 3 13 40 13 63 26 4 6 1 0 15 18 45 25 6 1 4 3 3 2 5 0 14 9 1 13 20 30 50 30 1 0 1 3 16 25 41 32 10 4 1 6
5 1 7 3 8 2 1 5 5 4 26 5 3 5 4 0 7 0 6 4 1 1 0 1 8 4 0 6 0 0 1 7 2 10 18 8 3 1 2 2 3 7 4 14 1 3 5 15 10 9 8 9 4 5 1 1 3 9 34 11 0 11 2 1 4 14 7 11 0 3 10 13 2 5 0 12 0 4 0 11 8 6 11 6 1 3 0 1 6 9 1 2 7 3 1 8
5 4 0 4 0 1 0 2 2 2 20 5 5 0 1 5 0 2 0 1 4 1 2 2 10 3 1 3 6 2 1 3 4 1 16 9 3 1 4 0 2 4 6 3 0 0 5 12 6 13 7 11 2 7 0 10 4 10 27 11 0 0 1 0 5 3 0 9 3 3 1 3 9 10 6 6 31 9 8 50 75 23 56 39 1 0 3 0 1 2 2 3 3 1 0 3
16 16 19 11 38 15 26 16 78 39 217 71 8 12 20 15 48 48 160 83 20 15 14 15 19 31 27 24 21 25 14 19 60 49 199 85 9 17 9 14 48 38 104 61 10 12 34 18 17 22 19 8 18 15 9 22 45 58 130 54 4 9 16 7 29 33 65 45 18 4 25 4 10 15 12 17 19 16 13 36 39 75 135 48 3 5 14 11 26 29 52 51 10 20 20 12
31 44 5 15 10 7 9 4 6 1 10 9 17 6 11 14 4 113 5 13 9 20 110 22 51 17 3 4 6 5 36 25 8 8 21 25 2 3 6 3 8 290 47 42 5 20 165 14 39 25 15 9 61 75 30 92 5 6 20 16 9 4 9 6 4 53 12 12 83 195 368 173 35 3 10 4 13 26 11 15 19 26 17 27 7 4 5 2 3 149 3 3 2 27 69 31
33 26 37 20 40 33 35 34 101 56 362 110 8 25 21 7 62 42 205 105 10 12 20 15 35 25 46 32 27 17 51 49 87 106 379 126 5 13 35 34 55 50 175 65 18 22 35 16 33 29 49 35 27 32 25 27 70 87 211 102 9 10 16 14 37 49 79 75 18 13 27 28 14 30 17 24 27 34 30 41 61 79 207 75 6 12 10 20 37 57 72 53 18 23 21 16
4 3 2 2 3 0 1 1 4 3 8 5 9 4 2 0 0 12 13 5 2 1 17 4 5 0 0 0 1 1 0 2 0 7 8 6 1 1 1 0 2 51 18 10 1 3 14 5 10 3 1 1 11 4 6 10 5 0 5 5 3 2 0 1 1 13 2 0 24 25 116 11 8 1 0 1 5 1 1 2 6 3 6 11 0 0 0 0 0 19 1 0 2 2 2 0
14 0 0 2 0 0 8 1 0 0 2 0 4 0 0 0 0 20 0 0 0 0 5 0 9 1 0 0 1 0 10 0 0 0 0 0 4 0 0 1 0 38 8 1 0 2 11 0 12 0 0 0 19 15 10 14 0 0 2 2 6 0 0 1 0 11 0 0 26 36 54 52 3 0 1 1 0 0 0 0 0 5 0 2 0 0 0 0 0 39 0 0 0 1 7 5
11 12 12 18 13 11 4 10 46 32 121 42 5 11 10 3 49 44 80 34 8 11 43 8 16 11 9 9 11 7 14 16 36 21 155 39 1 2 6 6 12 133 75 39 3 8 41 10 14 10 16 10 23 19 16 29 22 29 117 34 4 4 7 10 15 38 23 29 32 80 155 75 14 5 0 5 9 17 6 16 32 21 73 34 2 4 3 2 23 85 38 20 4 14 10 9
2 0 0 5 4 0 2 1 1 2 8 0 4 0 1 0 0 13 0 1 0 4 13 0 0 2 0 0 2 1 3 0 1 1 1 1 0 1 2 0 2 79 5 3 0 3 17 0 4 0 4 4 3 6 6 16 0 0 7 1 1 0 1 0 0 9 0 1 2 49 104 6 5 0 0 0 1 1 0 0 2 4 1 4 0 0 0 0 0 20 0 0 0 2 2 0
6 5 0 2 0 0 3 0 0 0 3 3 2 0 0 0 1 6 0 0 0 6 9 1 10 0 0 4 0 0 0 0 0 3 3 1 0 0 0 0 0 21 2 5 0 1 10 0 13 2 0 1 4 7 3 7 1 0 6 1 0 0 0 0 0 10 2 0 40 29 82 44 3 2 2 0 0 2 2 1 3 2 0 5 0 0 0 0 0 19 0 0 0 2 1 0
2 4 0 2 0 1 4 0 1 0 4 2 7 2 1 0 0 33 1 0 0 2 14 0 6 0 0 0 5 1 2 0 3 1 2 2 0 0 0 0 2 134 4 5 0 2 40 1 5 0 0 2 5 24 14 18 1 1 7 2 2 3 0 0 0 14 2 1 13 79 141 23 7 1 0 0 0 1 5 1 7 3 7 5 0 0 0 1 1 38 1 1 0 4 6 0
16 23 11 12 3 8 11 6 49 39 169 43 3 9 12 7 34 26 90 62 5 6 8 10 18 16 19 6 14 14 11 14 69 43 196 49 0 12 28 6 25 23 103 50 4 12 23 15 25 13 12 7 11 10 15 20 26 43 142 51 7 12 9 3 32 25 40 25 4 2 14 3 1 8 8 10 7 20 14 23 37 33 127 46 0 7 3 9 20 24 38 28 11 11 16 12
17 12 21 7 19 22 7 18 73 38 201 79 2 11 10 2 63 35 117 56 7 6 5 1 10 8 8 9 21 16 7 10 36 41 203 74 6 4 11 4 21 19 90 50 8 21 26 8 15 15 14 10 5 9 13 15 22 55 165 64 1 5 9 3 21 28 58 43 7 9 12 8 11 10 9 13 9 12 13 23 32 38 110 40 3 1 4 7 22 34 46 21 5 16 14 9
44 15 41 21 34 35 42 30 121 109 413 118 14 24 17 8 136 70 258 160 10 18 28 21 28 25 40 26 25 35 47 47 106 96 449 148 8 9 38 11 49 70 241 110 18 34 36 33 36 29 53 34 27 30 35 32 90 85 320 114 8 20 22 8 46 55 124 92 19 32 32 26 24 31 29 24 36 30 41 54 89 94 294 97 8 12 14 16 55 68 84 91 20 35 34 29
4 2 2 7 0 4 5 2 19 66 6 16 7 0 8 10 12 8 17 13 4 2 7 8 0 3 9 8 3 8 2 3 11 50 15 31 4 7 16 13 10 14 16 10 0 14 11 9 2 13 4 4 1 12 1 11 24 87 31 34 3 4 4 4 26 22 12 25 5 7 9 18 1 2 0 2 1 4 3 0 3 90 4 30 1 0 0 5 7 5 6 15 2 3 5 4
1 3 0 2 0 1 0 1 9 5 10 3 2 0 2 4 2 1 5 1 1 1 2 3 1 1 1 1 1 3 0 3 8 10 11 14 0 0 3 0 7 5 9 7 2 1 3 17 2 3 0 1 2 1 2 8 10 23 17 16 1 1 0 1 3 2 2 7 1 1 4 14 1 5 0 1 13 2 1 5 35 32 13 24 1 1 1 0 1 4 0 0 4 0 0 8
