13 96
10 66 2 24 2 5 0 1 36 97 19 69 16 11 2 17 9 7 25 16 0 5 3 1 47 84 16 64 12 27 7 20 49 137 51 62 11 2 26 14 11 22 13 1 3 1 10 7 18 76 4 49 8 12 0 19 70 374 34 196 20 3 10 12 8 16 13 9 1 1 10 1 19 121 3 60 11 14 4 13 21 81 25 35 5 5 9 1 7 10 9 6 1 6 4 2
0 5 1 11 0 0 0 0 6 2 66 3 2 1 2 2 4 5 1 5 1 3 0 15 4 1 0 18 0 0 2 0 5 4 55 6 1 0 4 1 1 4 1 5 3 1 6 13 9 2 1 16 1 0 0 1 8 15 138 42 0 0 0 1 3 9 9 10 0 0 1 5 39 15 7 312 2 0 0 0 13 18 502 43 0 1 0 2 4 7 10 11 1 5 2 45
2 6 0 3 0 0 0 2 33 36 458 19 1 1 3 5 16 29 39 13 2 1 5 2 11 43 21 101 0 0 0 1 15 27 533 22 0 5 8 4 8 26 90 37 2 12 8 22 3 15 4 23 0 10 2 1 84 158 666 84 0 5 6 3 38 35 51 20 0 2 3 10 2 6 1 17 3 0 0 0 14 17 240 9 3 2 0 2 10 18 27 13 1 2 2 11
0 0 0 0 1 0 1 0 9 3 225 3 1 2 2 0 2 1 11 1 0 0 1 0 3 7 4 6 0 0 0 0 6 15 145 1 0 0 0 4 4 4 15 9 0 3 0 3 0 8 1 2 0 0 0 0 16 32 176 22 1 1 0 0 12 8 9 2 0 0 0 0 0 0 0 0 0 0 0 2 2 7 85 1 0 0 0 0 2 5 6 0 0 2 2 3
0 3 0 3 0 0 0 1 12 4 150 3 0 5 3 1 3 4 12 2 0 0 0 0 6 5 6 22 0 0 1 0 2 10 152 3 0 2 0 2 1 0 9 0 0 2 2 3 0 3 0 5 0 0 1 0 24 30 167 27 0 0 0 1 3 7 5 0 0 0 0 0 0 4 0 8 0 1 0 3 2 2 52 4 0 0 0 0 7 0 5 0 0 2 0 0
2 16 0 4 0 1 0 1 0 6 4 9 1 5 0 10 27 11 0 45 1 0 0 6 19 42 6 14 0 7 0 4 2 5 16 16 1 2 0 3 2 3 1 1 1 0 3 1 1 15 1 4 0 1 1 1 2 17 15 2 0 5 1 5 0 1 4 21 2 1 0 4 3 10 1 0 4 3 0 2 15 5 11 5 3 10 2 26 3 5 2 34 1 4 0 36
2 4 3 0 4 2 0 0 19 19 439 7 1 1 0 7 11 2 8 4 1 0 0 0 11 23 11 35 0 2 1 0 8 13 330 28 3 0 2 2 4 7 21 1 0 5 0 0 0 3 3 4 0 3 0 0 53 92 496 50 1 3 2 2 15 4 16 5 0 1 0 0 0 3 1 6 3 1 1 0 8 10 190 4 0 4 0 0 8 8 7 4 0 1 2 2
0 3 0 3 1 2 0 0 14 14 147 7 0 4 0 0 5 6 17 4 0 0 0 0 4 2 11 16 0 2 0 0 6 19 144 14 2 2 3 1 3 1 10 2 0 1 2 2 0 6 1 13 2 4 0 2 24 61 207 45 0 0 0 4 16 10 9 4 0 2 0 0 3 10 2 7 0 0 1 1 6 14 90 7 0 0 0 0 7 3 22 3 0 0 0 2
1 4 0 5 1 0 2 0 21 10 390 5 3 6 0 6 4 3 19 6 1 0 2 1 11 10 5 40 0 0 1 1 13 11 409 5 0 2 1 0 8 6 15 15 0 2 2 11 1 1 3 5 3 5 2 0 50 33 446 36 0 3 1 2 11 7 25 5 0 0 0 0 5 14 7 4 2 1 1 3 11 3 149 6 5 1 0 0 7 9 10 4 0 1 3 0
0 0 0 1 0 0 0 0 6 2 150 1 0 0 0 1 2 6 9 0 0 0 0 0 4 4 10 17 0 2 1 0 5 4 141 7 0 1 0 0 6 2 5 1 4 2 0 2 0 0 4 9 2 2 2 0 23 26 173 19 0 1 0 0 10 5 14 15 0 0 0 3 0 2 1 3 0 0 0 0 10 9 43 3 0 0 0 0 3 0 8 3 0 0 0 0
3 6 0 5 3 0 0 1 33 29 415 11 3 9 3 2 21 10 22 8 0 2 1 1 16 51 18 76 0 1 0 0 7 20 418 16 0 7 1 5 18 5 42 5 0 1 6 4 3 15 5 15 1 6 0 0 73 148 449 75 0 11 0 3 30 20 34 13 0 5 1 4 5 1 8 10 1 0 1 1 14 17 177 13 3 0 0 0 13 20 20 20 0 0 4 4
10 5 5 6 1 5 3 2 13 6 58 10 0 0 3 1 8 9 29 9 0 3 5 0 8 15 10 4 7 12 5 10 16 26 74 19 0 5 3 1 5 7 34 13 0 2 7 1 5 8 4 5 10 9 5 8 7 17 63 14 1 0 1 5 2 8 26 4 0 0 1 1 7 10 4 3 3 7 0 12 16 14 28 9 2 2 0 0 5 10 8 9 3 5 1 1
0 0 0 3 1 2 0 0 3 6 4 1 0 0 0 0 0 0 0 0 1 0 0 0 3 2 1 0 0 0 0 0 8 7 4 3 0 0 0 2 0 1 0 2 0 0 0 2 0 1 0 4 0 0 0 0 1 1 3 0 0 0 0 0 0 2 1 0 0 1 2 1 10 5 2 5 48 11 4 77 101 32 44 43 0 0 0 0 4 3 0 0 0 0 0 2
