18 96
6 0 0 2 0 2 0 0 12 9 56 3 2 0 0 0 1 0 1 2 0 0 0 0 11 2 8 7 0 3 0 0 13 22 114 10 0 0 0 0 4 5 4 7 0 0 1 1 10 2 2 5 0 2 0 0 20 32 81 24 0 0 0 0 1 5 1 1 0 1 4 0 7 1 1 10 2 0 0 1 12 9 48 2 0 0 1 0 0 1 0 3 0 0 0 0
7 4 4 4 7 4 1 4 25 9 12 5 2 0 0 0 3 4 9 6 0 0 1 0 16 2 4 3 0 4 0 1 28 14 19 6 0 1 1 0 4 6 9 8 0 0 0 1 30 12 5 13 1 5 0 0 26 18 16 13 0 1 0 2 1 1 1 12 0 1 2 2 4 3 6 14 5 1 3 6 18 17 3 5 0 0 0 0 3 4 7 7 1 1 0 1
15 12 26 23 10 11 16 9 26 46 132 22 3 4 13 2 19 29 82 29 10 13 27 5 34 35 14 28 7 35 48 21 42 77 145 35 3 9 12 9 26 48 107 48 10 33 49 15 41 25 33 14 8 23 23 11 27 47 158 71 9 3 9 3 29 27 85 44 28 30 97 30 22 24 14 20 18 19 10 20 22 39 59 27 0 2 3 0 13 26 45 33 17 16 11 3
80 53 20 57 38 13 19 25 60 34 70 33 12 10 27 5 17 15 49 35 14 22 26 14 171 83 80 110 67 28 28 27 79 63 79 54 17 43 33 36 16 64 88 56 6 21 46 13 162 111 53 146 30 30 26 40 53 51 57 55 24 16 39 18 29 30 54 35 40 39 153 47 149 107 60 120 49 48 21 36 24 50 71 52 28 24 20 33 5 32 37 43 17 35 24 17
13 11 5 8 14 5 6 3 9 7 34 8 1 4 4 2 17 8 32 10 2 7 3 2 16 19 19 18 8 5 11 16 10 23 69 26 0 3 12 6 11 39 40 23 1 3 13 1 11 17 19 5 4 17 27 6 13 16 43 42 3 3 4 1 8 17 35 18 7 15 75 15 7 20 8 5 15 8 5 15 21 10 15 15 0 4 3 2 6 14 9 11 4 8 4 8
30 20 21 22 33 31 27 25 46 60 189 43 17 6 24 8 48 32 123 49 9 13 33 6 65 51 60 25 35 38 52 24 89 87 290 66 6 19 45 21 37 108 166 83 3 38 44 20 62 68 56 48 34 40 43 27 71 91 227 99 47 19 40 22 37 50 114 67 28 12 78 25 44 30 19 32 27 37 24 34 31 72 94 54 6 12 30 25 31 67 65 39 18 17 22 23
18 12 1 3 4 3 3 1 21 15 36 5 1 2 5 2 18 8 21 6 2 4 4 1 31 19 29 13 8 4 14 10 16 16 34 23 1 4 8 3 9 24 38 19 3 5 9 2 12 13 12 9 1 21 20 5 9 15 36 28 3 5 6 4 12 8 14 6 6 16 74 22 7 10 3 15 17 3 8 5 6 16 12 14 0 3 6 0 1 9 10 14 7 6 6 0
20 6 4 3 8 5 5 3 13 8 36 4 1 2 6 1 13 14 34 11 1 0 7 1 15 6 17 11 5 5 13 12 12 26 52 22 0 2 8 2 3 35 32 26 5 2 16 3 11 11 7 6 7 18 25 4 15 17 46 28 2 1 5 0 10 26 17 13 10 17 53 9 11 12 2 5 6 11 4 10 16 9 19 15 0 3 0 2 7 14 11 12 1 5 6 1
26 7 11 10 8 5 10 18 23 21 66 16 2 2 4 1 12 8 26 11 1 6 4 2 21 22 29 24 9 17 29 22 17 38 88 39 2 5 6 2 12 36 68 21 1 5 11 5 27 24 29 26 8 16 19 22 13 27 58 32 2 1 9 0 16 36 40 18 9 5 61 13 5 16 13 7 10 10 9 8 12 20 30 17 0 0 0 0 7 11 27 7 3 6 0 3
20 5 4 8 11 4 8 4 28 14 59 12 2 11 6 1 23 5 40 9 4 11 7 0 9 8 28 34 17 11 27 8 31 24 92 39 4 2 4 3 6 31 53 20 3 7 13 3 24 23 19 12 13 17 27 9 13 32 50 36 4 0 9 0 20 16 31 23 13 14 60 16 8 12 8 14 13 7 7 9 18 19 25 9 0 1 1 0 18 12 15 20 4 6 5 3
49 9 7 3 13 7 23 6 9 23 63 13 7 3 3 1 14 17 60 16 5 7 7 0 22 9 15 20 5 16 47 14 31 42 104 42 3 5 13 0 23 89 81 31 1 17 21 11 22 8 31 6 14 18 47 24 14 35 97 57 3 5 4 0 19 27 46 22 28 39 195 35 8 8 2 5 17 11 9 8 13 27 51 11 3 3 3 2 9 36 41 15 3 8 12 5
8 5 2 1 13 8 10 5 22 19 44 4 4 2 7 1 12 15 31 20 2 7 11 3 11 11 12 20 6 5 21 16 24 32 64 21 0 6 9 7 7 29 44 18 0 5 18 6 9 8 19 8 6 12 15 7 12 26 37 37 5 3 5 1 6 15 40 18 5 15 60 17 5 4 3 2 18 5 4 10 14 20 23 14 1 3 3 3 4 23 19 15 1 6 6 5
32 5 4 3 9 0 17 5 14 27 56 8 0 1 5 0 12 21 24 16 3 5 5 6 14 18 20 13 13 14 39 15 15 25 108 42 1 6 16 9 18 29 76 18 1 15 16 6 15 8 23 10 8 18 25 13 19 35 92 50 1 3 2 2 14 28 61 25 12 29 96 22 2 5 2 4 13 13 10 18 19 26 34 31 2 2 5 4 1 33 34 18 2 8 5 1
18 6 2 2 11 6 13 1 17 20 49 14 0 1 8 0 10 16 36 10 1 2 5 3 8 11 23 12 5 5 16 22 15 36 67 9 0 2 2 8 13 25 55 21 2 8 7 2 7 10 12 3 12 11 18 9 16 18 51 39 1 4 8 2 15 17 23 15 2 7 48 12 4 3 7 1 9 4 3 17 15 16 19 20 0 4 2 1 5 19 13 8 0 5 6 0
13 8 6 1 10 1 10 1 17 15 46 16 1 3 11 1 13 8 30 15 0 8 3 0 6 8 19 7 6 13 16 11 28 31 73 28 2 3 8 6 5 29 27 21 3 10 6 9 16 12 7 11 6 24 32 4 15 24 58 33 1 4 2 2 15 18 37 25 11 13 57 14 8 7 2 10 21 5 4 15 30 21 37 15 0 5 2 0 3 14 17 14 3 5 1 4
67 67 44 49 87 53 50 56 155 141 537 152 18 21 60 16 111 101 440 112 43 39 65 39 116 85 106 86 64 86 83 44 151 206 615 234 20 79 82 43 95 183 490 188 28 69 114 36 121 84 84 81 57 82 58 67 128 158 474 191 36 39 68 33 107 132 307 152 70 120 240 81 51 51 41 45 67 71 49 62 104 157 276 161 14 28 32 22 70 126 175 97 36 67 69 55
10 5 1 4 7 2 5 2 11 12 32 14 1 2 7 1 13 14 34 14 5 0 5 3 7 12 9 8 5 11 22 10 22 23 56 26 3 1 6 13 4 34 37 13 2 5 10 0 11 11 10 6 6 12 24 3 20 16 27 18 0 6 9 0 9 14 44 14 13 7 83 14 6 7 7 7 8 8 4 7 12 9 11 12 0 0 1 0 10 9 12 17 0 6 5 1
4 4 1 10 2 3 4 4 7 10 28 7 1 0 3 0 8 8 11 10 2 2 2 1 1 2 10 4 2 2 3 2 3 15 38 4 1 0 3 1 1 4 12 2 0 4 1 1 4 5 5 2 2 0 6 4 7 13 21 4 3 2 1 1 3 6 6 8 1 1 6 7 1 2 0 6 3 2 4 6 5 10 19 5 0 0 2 0 3 7 7 3 1 1 0 5
