-8296767.307313
0
0.006269 0.005559 0.003516 0.006250 0.002963 0.002442 0.002221 0.002599 0.013577 0.009421 0.071957 0.008820 0.001800 0.003432 0.002741 0.002626 0.009277 0.008382 0.018123 0.007232 0.001165 0.002162 0.002332 0.004382 0.012418 0.014472 0.009756 0.029843 0.002644 0.002582 0.002786 0.002973 0.004293 0.004102 0.070570 0.005219 0.001294 0.003647 0.006002 0.003301 0.005686 0.010535 0.020593 0.009108 0.001108 0.003602 0.005751 0.009754 0.007474 0.009470 0.005992 0.012868 0.002668 0.004641 0.003350 0.003254 0.023720 0.036396 0.106797 0.026027 0.001730 0.002906 0.002846 0.001934 0.014208 0.013367 0.016536 0.011298 0.001920 0.003647 0.011727 0.004892 0.011399 0.009590 0.004208 0.055219 0.001504 0.002808 0.001722 0.002798 0.001357 0.000000 0.073719 0.006975 0.001125 0.001804 0.001767 0.001549 0.005377 0.008599 0.009202 0.006251 0.001809 0.003344 0.002346 0.014575 
0.001647 0.000820 0.000429 0.000510 0.000673 0.000584 0.000772 0.000747 0.001353 0.023163 0.000449 0.008507 0.001442 0.000892 0.001460 0.002890 0.000776 0.000483 0.000801 0.001539 0.000400 0.000500 0.001242 0.000421 0.003012 0.000962 0.001366 0.001438 0.000926 0.000818 0.001606 0.001324 0.063731 0.102227 0.028976 0.073407 0.000595 0.001183 0.001104 0.001848 0.000990 0.000922 0.000790 0.003905 0.000205 0.000651 0.001381 0.001467 0.000918 0.000376 0.000168 0.000194 0.000364 0.000629 0.000480 0.000653 0.001254 0.023584 0.000061 0.015085 0.000567 0.000429 0.000892 0.000839 0.000315 0.000274 0.000419 0.007529 0.000254 0.000250 0.001592 0.000800 0.003929 0.005000 0.001184 0.000781 0.019972 0.007577 0.002824 0.022545 0.107494 0.217366 0.103414 0.083454 0.001110 0.001609 0.001025 0.004176 0.001903 0.001688 0.001889 0.002239 0.000454 0.001116 0.000930 0.001063 
0.765671 0.234329 
0.917240 0.082760 
0.980903 0.019097 
0.974099 0.025901 
0.988927 0.011073 
0.884739 0.115261 
0.980269 0.019731 
0.940299 0.059701 
0.991023 0.008977 
0.960099 0.039901 
0.976089 0.023911 
0.853306 0.146694 
0.094239 0.905761 
0.815776 0.184224 
0.774105 0.225895 
0.824751 0.175249 
0.815667 0.184333 
0.817810 0.182190 
0.832060 0.167940 
0.868419 0.131581 
0.720431 0.279569 
0.856096 0.143904 
0.854846 0.145154 
0.840609 0.159391 
0.054969 0.945031 
0.559810 0.440190 
0.709295 0.290705 
0.052967 0.947033 
0.098437 0.901563 
0.999306 0.000694 
0.801403 0.198597 
0.933764 0.066236 
0.999710 0.000290 
0.048995 0.951005 
0.049120 0.950880 
0.893804 0.106196 
0.921000 0.079000 
0.038187 0.961813 
0.942668 0.057332 
0.803058 0.196942 
0.054189 0.945811 
0.084744 0.915256 
0.042752 0.957248 
0.311862 0.688138 
0.960127 0.039873 
0.072201 0.927799 
0.037367 0.962633 
0.155607 0.844393 
0.134461 0.865539 
0.312647 0.687353 
0.036699 0.963301 
0.991398 0.008602 
0.927120 0.072880 
0.076128 0.923872 
0.071493 0.928507 
0.028757 0.971243 
0.094917 0.905083 
0.062390 0.937610 
0.188559 0.811441 
0.073652 0.926348 
0.306218 0.693782 
0.157637 0.842363 
0.035402 0.964598 
0.159739 0.840261 
0.641275 0.358725 
0.846261 0.153739 
0.141326 0.858674 
0.397865 0.602135 
0.124831 0.875169 
0.129252 0.870748 
0.057221 0.942779 
0.953695 0.046305 
0.087525 0.912475 
0.066425 0.933575 
0.110210 0.889790 
0.065199 0.934801 
0.115321 0.884679 
0.020220 0.979780 
0.090282 0.909718 
0.098981 0.901019 
0.158230 0.841770 
0.164407 0.835593 
0.025971 0.974029 
0.097480 0.902520 
0.920324 0.079676 
0.940954 0.059046 
0.963342 0.036658 
0.992437 0.007563 
0.965072 0.034928 
0.904411 0.095589 
0.964897 0.035103 
0.983292 0.016708 
0.957979 0.042021 
0.958464 0.041536 
0.992776 0.007224 
0.921898 0.078102 
0.909045 0.090955 
0.927608 0.072392 
0.959297 0.040703 
0.949966 0.050034 
0.539851 0.460149 
0.943038 0.056962 
0.906314 0.093686 
0.956151 0.043849 
0.931631 0.068369 
0.912714 0.087286 
0.932057 0.067943 
0.947954 0.052046 
0.937101 0.062899 
0.921071 0.078929 
0.974872 0.025128 
0.963891 0.036109 
0.956608 0.043392 
0.929933 0.070067 
0.959703 0.040297 
0.930725 0.069275 
0.956866 0.043134 
0.937557 0.062443 
0.935906 0.064094 
0.952038 0.047962 
0.893027 0.106973 
0.943499 0.056501 
0.961637 0.038363 
0.938166 0.061834 
0.910034 0.089966 
0.985369 0.014631 
0.053981 0.946019 
0.933452 0.066548 
0.994868 0.005132 
0.942403 0.057597 
0.979926 0.020074 
0.950169 0.049831 
0.929754 0.070246 
0.976661 0.023339 
0.948887 0.051113 
0.697724 0.302276 
0.959389 0.040611 
0.954003 0.045997 
0.859285 0.140715 
0.967421 0.032579 
0.955640 0.044360 
0.976369 0.023631 
0.938787 0.061213 
0.971158 0.028842 
0.982880 0.017120 
0.941259 0.058741 
0.898566 0.101434 
0.962652 0.037348 
0.959813 0.040187 
0.950290 0.049710 
0.919489 0.080511 
0.953689 0.046311 
0.948511 0.051489 
0.958146 0.041854 
0.977773 0.022227 
0.967470 0.032530 
0.340247 0.659753 
0.916880 0.083120 
0.873891 0.126109 
0.971816 0.028184 
0.961941 0.038059 
0.980409 0.019591 
0.965403 0.034597 
0.956588 0.043412 
0.935769 0.064231 
0.760520 0.239480 
0.939041 0.060959 
0.965058 0.034942 
0.926120 0.073880 
0.955283 0.044717 
0.944957 0.055043 
0.934966 0.065034 
0.272468 0.727532 
0.952858 0.047142 
0.876825 0.123175 
0.876857 0.123143 
0.896006 0.103994 
0.899234 0.100766 
0.271665 0.728335 
0.269844 0.730156 
0.870554 0.129446 
0.952570 0.047430 
0.997497 0.002503 
0.987052 0.012948 
0.285587 0.714413 
0.856330 0.143670 
0.910269 0.089731 
0.497174 0.502826 
0.863789 0.136211 
0.973530 0.026470 
0.867061 0.132939 
0.955325 0.044675 
0.986207 0.013793 
0.932369 0.067631 
0.981529 0.018471 
0.981633 0.018367 
0.985195 0.014805 
0.862553 0.137447 
0.883521 0.116479 
0.872270 0.127730 
0.691622 0.308378 
0.577883 0.422117 
0.950397 0.049603 
0.956513 0.043487 
0.882240 0.117760 
0.877129 0.122871 
0.895977 0.104023 
0.990729 0.009271 
0.940800 0.059200 
0.981488 0.018512 
0.962546 0.037454 
0.987742 0.012258 
0.984914 0.015086 
0.965375 0.034625 
0.977146 0.022854 
0.983274 0.016726 
0.978208 0.021792 
0.988799 0.011201 
0.929863 0.070137 
0.965810 0.034190 
0.989206 0.010794 
0.971410 0.028590 
0.976517 0.023483 
0.958846 0.041154 
0.917447 0.082553 
0.960529 0.039471 
0.738850 0.261150 
0.970468 0.029532 
0.967144 0.032856 
0.980658 0.019342 
0.984687 0.015313 
0.962146 0.037854 
0.858433 0.141567 
0.974959 0.025041 
0.683396 0.316604 
0.965557 0.034443 
0.800730 0.199270 
0.822812 0.177188 
0.955851 0.044149 
0.951500 0.048500 
0.968847 0.031153 
0.984578 0.015422 
0.656302 0.343698 
0.831291 0.168709 
0.916870 0.083130 
0.918448 0.081552 
0.913963 0.086037 
0.776677 0.223323 
0.956758 0.043242 
0.926045 0.073955 
0.938517 0.061483 
0.944381 0.055619 
0.928581 0.071419 
0.915818 0.084182 
0.936543 0.063457 
0.558224 0.441776 
0.783533 0.216467 
0.915914 0.084086 
0.807221 0.192779 
0.899570 0.100430 
0.720538 0.279462 
0.927351 0.072649 
0.970905 0.029095 
0.964377 0.035623 
0.962620 0.037380 
0.974796 0.025204 
0.977613 0.022387 
0.881026 0.118974 
0.873920 0.126080 
0.881010 0.118990 
0.883291 0.116709 
0.828935 0.171065 
0.971393 0.028607 
0.650195 0.349805 
0.951336 0.048664 
0.922338 0.077662 
0.960843 0.039157 
0.963113 0.036887 
0.969308 0.030692 
0.950027 0.049973 
0.954477 0.045523 
0.934501 0.065499 
0.874272 0.125728 
0.833310 0.166690 
0.943367 0.056633 
0.935357 0.064643 
0.853480 0.146520 
0.962928 0.037072 
0.827320 0.172680 
0.871760 0.128240 
0.964171 0.035829 
0.943895 0.056105 
0.822776 0.177224 
0.833218 0.166782 
0.807581 0.192419 
0.889492 0.110508 
0.851468 0.148532 
0.777817 0.222183 
0.665937 0.334063 
0.818460 0.181540 
0.979638 0.020362 
0.895984 0.104016 
0.862470 0.137530 
0.928965 0.071035 
0.968542 0.031458 
0.981578 0.018422 
0.913632 0.086368 
0.886278 0.113722 
0.980706 0.019294 
0.954932 0.045068 
0.987981 0.012019 
0.969785 0.030215 
0.979602 0.020398 
0.966160 0.033840 
0.969979 0.030021 
0.942485 0.057515 
0.955005 0.044995 
0.960463 0.039537 
0.953536 0.046464 
0.964635 0.035365 
0.970286 0.029714 
0.964275 0.035725 
0.956187 0.043813 
0.964780 0.035220 
0.910913 0.089087 
0.953100 0.046900 
0.981615 0.018385 
0.955436 0.044564 
0.847556 0.152444 
0.916549 0.083451 
0.960214 0.039786 
0.968031 0.031969 
0.974248 0.025752 
0.957793 0.042207 
0.927269 0.072731 
0.958239 0.041761 
0.976199 0.023801 
0.957325 0.042675 
0.972793 0.027207 
0.941780 0.058220 
0.964262 0.035738 
0.959281 0.040719 
0.938045 0.061955 
0.771474 0.228526 
0.804399 0.195601 
0.969890 0.030110 
0.971509 0.028491 
0.774000 0.226000 
0.896165 0.103835 
0.957422 0.042578 
0.954245 0.045755 
0.975225 0.024775 
0.957752 0.042248 
0.904048 0.095952 
0.936889 0.063111 
0.957267 0.042733 
0.957432 0.042568 
0.902335 0.097665 
0.837389 0.162611 
0.947142 0.052858 
0.935703 0.064297 
0.971600 0.028400 
0.963565 0.036435 
0.964996 0.035004 
0.948318 0.051682 
0.884456 0.115544 
0.949804 0.050196 
0.971004 0.028996 
0.966090 0.033910 
0.836245 0.163755 
0.887428 0.112572 
0.892063 0.107937 
0.969095 0.030905 
0.922024 0.077976 
0.921837 0.078163 
0.872467 0.127533 
0.862330 0.137670 
0.984182 0.015818 
0.871325 0.128675 
0.963605 0.036395 
0.950461 0.049539 
0.897728 0.102272 
0.948591 0.051409 
0.967417 0.032583 
0.979132 0.020868 
0.926252 0.073748 
0.946170 0.053830 
0.848403 0.151597 
0.887019 0.112981 
0.718027 0.281973 
0.853811 0.146189 
0.984078 0.015922 
0.967018 0.032982 
0.955125 0.044875 
0.974166 0.025834 
0.970443 0.029557 
0.985357 0.014643 
0.978521 0.021479 
0.957666 0.042334 
0.937470 0.062530 
0.985208 0.014792 
0.971043 0.028957 
0.938719 0.061281 
0.952512 0.047488 
0.861992 0.138008 
0.869979 0.130021 
0.955526 0.044474 
0.981031 0.018969 
0.828179 0.171821 
0.943421 0.056579 
0.925395 0.074605 
0.958429 0.041571 
0.934199 0.065801 
0.908299 0.091701 
0.959164 0.040836 
0.923553 0.076447 
0.985949 0.014051 
0.910943 0.089057 
0.932787 0.067213 
0.907614 0.092386 
0.973689 0.026311 
0.953342 0.046658 
0.943080 0.056920 
0.983172 0.016828 
0.992038 0.007962 
0.903866 0.096134 
0.810298 0.189702 
0.974991 0.025009 
0.965888 0.034112 
0.981113 0.018887 
0.962772 0.037228 
0.890658 0.109342 
0.949445 0.050555 
0.931753 0.068247 
0.945339 0.054661 
0.972651 0.027349 
0.976203 0.023797 
0.976695 0.023305 
0.977781 0.022219 
0.951257 0.048743 
0.229203 0.770797 
0.792556 0.207444 
0.956229 0.043771 
0.975921 0.024079 
0.977586 0.022414 
0.889745 0.110255 
0.889954 0.110046 
0.968459 0.031541 
0.814162 0.185838 
0.869575 0.130425 
0.841316 0.158684 
0.944836 0.055164 
0.808390 0.191610 
0.882503 0.117497 
0.902683 0.097317 
0.860049 0.139951 
0.947512 0.052488 
0.935576 0.064424 
0.771056 0.228944 
0.854512 0.145488 
0.961018 0.038982 
0.905265 0.094735 
0.906588 0.093412 
0.886285 0.113715 
0.845656 0.154344 
0.904726 0.095274 
0.893637 0.106363 
0.682963 0.317037 
0.836998 0.163002 
0.931994 0.068006 
0.837991 0.162009 
0.831626 0.168374 
0.905773 0.094227 
0.233501 0.766499 
0.819395 0.180605 
0.958849 0.041151 
0.929093 0.070907 
0.963055 0.036945 
0.988345 0.011655 
0.989920 0.010080 
0.979609 0.020391 
0.918567 0.081433 
0.920015 0.079985 
0.943015 0.056985 
0.914351 0.085649 
0.908702 0.091298 
0.310438 0.689562 
0.319386 0.680614 
0.984989 0.015011 
0.985742 0.014258 
0.979466 0.020534 
0.954003 0.045997 
0.944057 0.055943 
0.923129 0.076871 
0.957385 0.042615 
0.735663 0.264337 
0.922407 0.077593 
0.922675 0.077325 
0.924600 0.075400 
0.903490 0.096510 
0.805087 0.194913 
0.962831 0.037169 
0.851842 0.148158 
0.866008 0.133992 
0.808924 0.191076 
0.825260 0.174740 
0.716744 0.283256 
0.855778 0.144222 
0.886320 0.113680 
0.837132 0.162868 
0.884955 0.115045 
0.798991 0.201009 
0.857805 0.142195 
0.873033 0.126967 
0.838679 0.161321 
0.798516 0.201484 
0.860739 0.139261 
0.887243 0.112757 
0.903862 0.096138 
0.489128 0.510872 
0.911546 0.088454 
0.872045 0.127955 
0.826459 0.173541 
0.840554 0.159446 
0.845378 0.154622 
0.830624 0.169376 
0.668819 0.331181 
0.862236 0.137764 
0.648054 0.351946 
0.938741 0.061259 
0.927730 0.072270 
0.881853 0.118147 
0.879036 0.120964 
0.909738 0.090262 
0.854902 0.145098 
0.802608 0.197392 
0.877041 0.122959 
0.913532 0.086468 
0.898226 0.101774 
0.617548 0.382452 
0.861210 0.138790 
0.877126 0.122874 
0.886181 0.113819 
0.778527 0.221473 
0.802735 0.197265 
0.613037 0.386963 
0.732122 0.267878 
0.901038 0.098962 
0.864753 0.135247 
0.751214 0.248786 
0.872923 0.127077 
0.858673 0.141327 
0.698609 0.301391 
0.715608 0.284392 
0.872938 0.127062 
0.863739 0.136261 
0.886207 0.113793 
0.732371 0.267629 
0.866689 0.133311 
0.916134 0.083866 
0.842920 0.157080 
0.554840 0.445160 
0.744876 0.255124 
0.930146 0.069854 
0.859676 0.140324 
0.837251 0.162749 
0.892496 0.107504 
0.899207 0.100793 
0.519907 0.480093 
0.854485 0.145515 
0.900934 0.099066 
0.898149 0.101851 
0.764340 0.235660 
0.543772 0.456228 
0.204941 0.795059 
0.817527 0.182473 
0.877623 0.122377 
0.859733 0.140267 
0.630571 0.369429 
0.792613 0.207387 
0.891128 0.108872 
0.757161 0.242839 
0.541318 0.458682 
0.781997 0.218003 
0.718689 0.281311 
0.874168 0.125832 
0.863208 0.136792 
0.926618 0.073382 
0.811233 0.188767 
0.912956 0.087044 
0.869695 0.130305 
0.972139 0.027861 
0.873138 0.126862 
0.891742 0.108258 
0.037257 0.962743 
0.812807 0.187193 
0.737271 0.262729 
0.889326 0.110674 
0.825139 0.174861 
0.720953 0.279047 
0.817851 0.182149 
0.804063 0.195937 
0.847669 0.152331 
0.892516 0.107484 
0.744787 0.255213 
0.688718 0.311282 
0.907267 0.092733 
0.827992 0.172008 
0.811414 0.188586 
0.791612 0.208388 
0.773161 0.226839 
0.887799 0.112201 
0.859501 0.140499 
0.952822 0.047178 
0.561902 0.438098 
0.500993 0.499007 
0.767997 0.232003 
0.751778 0.248222 
0.894257 0.105743 
0.852584 0.147416 
0.896831 0.103169 
0.513097 0.486903 
0.693349 0.306651 
0.444099 0.555901 
0.819562 0.180438 
0.746262 0.253738 
0.413560 0.586440 
0.413141 0.586859 
0.743874 0.256126 
0.792250 0.207750 
0.812611 0.187389 
0.898690 0.101310 
0.873959 0.126041 
0.791867 0.208133 
0.279898 0.720102 
0.848728 0.151272 
0.759575 0.240425 
0.274634 0.725366 
0.813319 0.186681 
0.845432 0.154568 
0.726778 0.273222 
0.856900 0.143100 
0.828087 0.171913 
0.809717 0.190283 
0.845012 0.154988 
0.671096 0.328904 
0.745836 0.254164 
0.904844 0.095156 
0.747394 0.252606 
0.845744 0.154256 
0.318418 0.681582 
0.618380 0.381620 
0.778150 0.221850 
0.859981 0.140019 
0.842724 0.157276 
0.786267 0.213733 
0.865963 0.134037 
0.878616 0.121384 
0.960196 0.039804 
0.721293 0.278707 
0.901566 0.098434 
0.652623 0.347377 
0.689512 0.310488 
0.848700 0.151300 
0.683895 0.316105 
0.786875 0.213125 
0.302988 0.697012 
0.719288 0.280712 
0.278240 0.721760 
0.879890 0.120110 
0.786517 0.213483 
0.726540 0.273460 
0.868563 0.131437 
0.861132 0.138868 
0.818392 0.181608 
0.870701 0.129299 
0.950389 0.049611 
0.470352 0.529648 
0.256567 0.743433 
0.991523 0.008477 
0.203406 0.796594 
0.978504 0.021496 
0.212337 0.787663 
0.387466 0.612534 
0.294532 0.705468 
0.286488 0.713512 
0.324143 0.675857 
0.291033 0.708967 
0.199146 0.800854 
0.436671 0.563329 
0.495531 0.504469 
0.955900 0.044100 
0.119040 0.880960 
0.974246 0.025754 
0.950796 0.049204 
0.972972 0.027028 
0.947997 0.052003 
0.476379 0.523621 
0.971786 0.028214 
0.651921 0.348079 
0.977011 0.022989 
0.740185 0.259815 
0.391338 0.608662 
0.624055 0.375945 
0.774763 0.225237 
0.978518 0.021482 
0.951282 0.048718 
0.980823 0.019177 
0.971991 0.028009 
0.976884 0.023116 
0.809261 0.190739 
0.794906 0.205094 
0.985024 0.014976 
0.994638 0.005362 
0.990802 0.009198 
0.948970 0.051030 
0.949626 0.050374 
0.877920 0.122080 
0.859700 0.140300 
0.951570 0.048430 
0.958053 0.041947 
0.955731 0.044269 
0.953920 0.046080 
0.959981 0.040019 
0.975521 0.024479 
0.961213 0.038787 
0.967159 0.032841 
0.964942 0.035058 
0.967118 0.032882 
0.972350 0.027650 
0.941893 0.058107 
0.937277 0.062723 
0.949270 0.050730 
0.926811 0.073189 
0.977445 0.022555 
0.614830 0.385170 
0.537786 0.462214 
0.956715 0.043285 
0.984224 0.015776 
0.971633 0.028367 
0.818939 0.181061 
0.951199 0.048801 
0.999928 0.000072 
0.999948 0.000052 
0.975287 0.024713 
0.999930 0.000070 
0.991034 0.008966 
0.985369 0.014631 
0.976455 0.023545 
0.824302 0.175698 
0.022312 0.977688 
0.013902 0.986098 
0.015838 0.984162 
0.012120 0.987880 
0.155627 0.844373 
0.057801 0.942199 
0.026178 0.973822 
0.059831 0.940169 
0.072904 0.927096 
0.070574 0.929426 
0.037590 0.962410 
0.043402 0.956598 
0.040174 0.959826 
0.041883 0.958117 
0.036393 0.963607 
0.020745 0.979255 
0.028532 0.971468 
0.055871 0.944129 
0.068205 0.931795 
0.059119 0.940881 
0.052518 0.947482 
0.019757 0.980243 
0.023197 0.976803 
0.020543 0.979457 
0.021448 0.978552 
0.055597 0.944403 
0.104709 0.895291 
0.082481 0.917519 
0.132124 0.867876 
0.309524 0.690476 
0.113384 0.886616 
0.012221 0.987779 
0.201469 0.798531 
0.116436 0.883564 
0.013843 0.986157 
0.065410 0.934590 
0.026541 0.973459 
0.001776 0.998224 
0.110571 0.889429 
0.008038 0.991962 
0.119610 0.880390 
0.002131 0.997869 
0.069112 0.930888 
0.149125 0.850875 
0.149775 0.850225 
0.008401 0.991599 
0.066070 0.933930 
0.167111 0.832889 
0.091161 0.908839 
0.008126 0.991874 
0.009733 0.990267 
0.032682 0.967318 
0.012724 0.987276 
0.030974 0.969026 
0.019450 0.980550 
0.055898 0.944102 
0.037284 0.962716 
0.053102 0.946898 
0.039945 0.960055 
0.089493 0.910507 
0.245053 0.754947 
0.074985 0.925015 
0.073844 0.926156 
0.033910 0.966090 
0.261863 0.738137 
0.004488 0.995512 
0.029277 0.970723 
0.067413 0.932587 
0.011537 0.988463 
0.058224 0.941776 
0.039594 0.960406 
0.148760 0.851240 
0.031618 0.968382 
0.082240 0.917760 
0.283273 0.716727 
0.046616 0.953384 
0.081649 0.918351 
0.013456 0.986544 
0.076920 0.923080 
0.649677 0.350323 
0.035930 0.964070 
0.035055 0.964945 
0.063188 0.936812 
0.042730 0.957270 
0.084167 0.915833 
0.019049 0.980951 
0.048209 0.951791 
0.095332 0.904668 
0.048914 0.951086 
0.026121 0.973879 
0.023317 0.976683 
0.024672 0.975328 
0.001930 0.998070 
0.071216 0.928784 
0.040635 0.959365 
0.033822 0.966178 
0.067033 0.932967 
0.101718 0.898282 
0.111121 0.888879 
0.181296 0.818704 
0.192469 0.807531 
0.156132 0.843868 
0.095432 0.904568 
0.177972 0.822028 
0.075688 0.924312 
0.105831 0.894169 
0.041741 0.958259 
0.041643 0.958357 
0.208623 0.791377 
0.181160 0.818840 
0.072195 0.927805 
0.102529 0.897471 
0.079265 0.920735 
0.048524 0.951476 
0.046633 0.953367 
0.206100 0.793900 
0.076116 0.923884 
0.024327 0.975673 
0.049432 0.950568 
0.059008 0.940992 
0.202442 0.797558 
0.551732 0.448268 
0.065575 0.934425 
0.398077 0.601923 
0.193213 0.806787 
0.012196 0.987804 
0.050674 0.949326 
0.015023 0.984977 
0.023049 0.976951 
0.012174 0.987826 
0.040916 0.959084 
0.035796 0.964204 
0.039566 0.960434 
0.057628 0.942372 
0.016993 0.983007 
0.074207 0.925793 
0.015604 0.984396 
0.011526 0.988474 
0.023871 0.976129 
0.043762 0.956238 
0.038705 0.961295 
0.034592 0.965408 
0.456856 0.543144 
0.016713 0.983287 
0.150784 0.849216 
0.036365 0.963635 
0.045159 0.954841 
0.044644 0.955356 
0.034574 0.965426 
0.069224 0.930776 
0.058390 0.941610 
0.041490 0.958510 
0.102885 0.897115 
0.072923 0.927077 
0.034607 0.965393 
0.066338 0.933662 
0.038268 0.961732 
0.020865 0.979135 
0.032559 0.967441 
0.116172 0.883828 
0.033525 0.966475 
0.024441 0.975559 
0.048336 0.951664 
0.056563 0.943437 
0.084464 0.915536 
0.078611 0.921389 
0.101170 0.898830 
0.023536 0.976464 
0.188925 0.811075 
0.032937 0.967063 
0.001582 0.998418 
0.044783 0.955217 
0.029030 0.970970 
0.040975 0.959025 
0.043798 0.956202 
0.016059 0.983941 
0.113363 0.886637 
0.037649 0.962351 
0.049129 0.950871 
0.042059 0.957941 
0.012737 0.987263 
0.034189 0.965811 
0.015248 0.984752 
0.170037 0.829963 
0.018646 0.981354 
0.075658 0.924342 
0.104996 0.895004 
0.044003 0.955997 
0.037946 0.962054 
0.089708 0.910292 
0.039663 0.960337 
0.047692 0.952308 
0.359034 0.640966 
0.018856 0.981144 
0.047386 0.952614 
0.025987 0.974013 
0.021803 0.978197 
0.061565 0.938435 
0.025850 0.974150 
0.070246 0.929754 
0.082510 0.917490 
0.076120 0.923880 
0.091741 0.908259 
0.173339 0.826661 
0.007751 0.992249 
0.047312 0.952688 
0.046746 0.953254 
0.128937 0.871063 
0.015334 0.984666 
0.062796 0.937204 
0.054891 0.945109 
0.017918 0.982082 
0.010644 0.989356 
0.085389 0.914611 
0.014951 0.985049 
0.085051 0.914949 
0.056677 0.943323 
0.066700 0.933300 
0.075768 0.924232 
0.254544 0.745456 
0.032716 0.967284 
0.073388 0.926612 
0.179249 0.820751 
0.066387 0.933613 
0.039020 0.960980 
0.043883 0.956117 
0.078546 0.921454 
0.021904 0.978096 
0.047365 0.952635 
0.040102 0.959898 
0.906983 0.093017 
0.041759 0.958241 
0.029255 0.970745 
0.090345 0.909655 
0.033424 0.966576 
0.047184 0.952816 
0.017826 0.982174 
0.002718 0.997282 
0.062667 0.937333 
0.078400 0.921600 
0.026314 0.973686 
0.002853 0.997147 
0.046844 0.953156 
0.046318 0.953682 
0.031433 0.968567 
0.036799 0.963201 
0.024074 0.975926 
0.049002 0.950998 
0.081515 0.918485 
0.050603 0.949397 
0.033619 0.966381 
0.073184 0.926816 
0.031022 0.968978 
0.026427 0.973573 
0.011751 0.988249 
0.026743 0.973257 
0.029835 0.970165 
0.036156 0.963844 
0.021212 0.978788 
0.054310 0.945690 
0.039832 0.960168 
0.071753 0.928247 
0.028450 0.971550 
0.029067 0.970933 
0.036159 0.963841 
0.034451 0.965549 
0.104713 0.895287 
0.039738 0.960262 
0.026097 0.973903 
0.059196 0.940804 
0.050956 0.949044 
0.015658 0.984342 
0.069226 0.930774 
0.019393 0.980607 
0.007721 0.992279 
0.039871 0.960129 
0.033550 0.966450 
0.036605 0.963395 
0.137248 0.862752 
0.003594 0.996406 
0.009970 0.990030 
0.021968 0.978032 
0.019433 0.980567 
0.002820 0.997180 
0.527945 0.472055 
0.033559 0.966441 
0.048429 0.951571 
0.018247 0.981753 
0.037267 0.962733 
0.009975 0.990025 
0.035534 0.964466 
0.216803 0.783197 
0.044818 0.955182 
0.149094 0.850906 
0.091759 0.908241 
0.012285 0.987715 
0.102113 0.897887 
0.010123 0.989877 
0.085886 0.914114 
0.036642 0.963358 
0.035681 0.964319 
0.079197 0.920803 
0.040900 0.959100 
0.032958 0.967042 
0.005163 0.994837 
0.047201 0.952799 
0.152228 0.847772 
0.030718 0.969282 
0.113020 0.886980 
0.108538 0.891462 
0.072175 0.927825 
0.038786 0.961214 
0.046263 0.953737 
0.677330 0.322670 
0.145213 0.854787 
0.034930 0.965070 
0.089218 0.910782 
0.010176 0.989824 
0.032488 0.967512 
0.120716 0.879284 
0.050106 0.949894 
0.032588 0.967412 
0.081614 0.918386 
0.121232 0.878768 
0.029874 0.970126 
0.029890 0.970110 
0.046307 0.953693 
0.030667 0.969333 
0.030131 0.969869 
0.022130 0.977870 
0.135002 0.864998 
0.035315 0.964685 
0.014667 0.985333 
0.063040 0.936960 
0.015191 0.984809 
0.040232 0.959768 
0.036391 0.963609 
0.048967 0.951033 
0.000054 0.999946 
0.063112 0.936888 
0.052167 0.947833 
0.033121 0.966879 
0.047082 0.952918 
0.014196 0.985804 
0.085960 0.914040 
0.017264 0.982736 
0.095354 0.904646 
0.004909 0.995091 
0.091339 0.908661 
0.089245 0.910755 
0.028344 0.971656 
0.068488 0.931512 
0.008540 0.991460 
0.034100 0.965900 
0.022583 0.977417 
0.032478 0.967522 
0.023239 0.976761 
0.043096 0.956904 
0.208198 0.791802 
0.003755 0.996245 
0.048510 0.951490 
0.009383 0.990617 
0.054150 0.945850 
0.006497 0.993503 
0.039097 0.960903 
0.026685 0.973315 
0.111191 0.888809 
0.017867 0.982133 
0.038503 0.961497 
0.013200 0.986800 
0.022843 0.977157 
0.046359 0.953641 
0.012434 0.987566 
0.017625 0.982375 
0.043149 0.956851 
0.011773 0.988227 
0.039603 0.960397 
0.164193 0.835807 
0.058775 0.941225 
0.221139 0.778861 
0.017966 0.982034 
0.116018 0.883982 
0.007347 0.992653 
0.041421 0.958579 
0.058258 0.941742 
0.035577 0.964423 
0.014112 0.985888 
0.048657 0.951343 
0.079159 0.920841 
0.030025 0.969975 
0.082982 0.917018 
0.057707 0.942293 
0.023005 0.976995 
0.000774 0.999226 
0.007773 0.992227 
0.042870 0.957130 
0.104610 0.895390 
0.033794 0.966206 
0.043476 0.956524 
0.008473 0.991527 
0.038571 0.961429 
0.043201 0.956799 
0.100662 0.899338 
0.028377 0.971623 
0.024744 0.975256 
0.053171 0.946829 
0.022170 0.977830 
0.040745 0.959255 
0.092964 0.907036 
0.049282 0.950718 
0.034099 0.965901 
0.039947 0.960053 
0.075846 0.924154 
0.027373 0.972627 
0.050784 0.949216 
0.146435 0.853565 
0.075958 0.924042 
0.048861 0.951139 
0.081595 0.918405 
0.575186 0.424814 
0.851003 0.148997 
0.854952 0.145048 
0.894258 0.105742 
0.875857 0.124143 
0.849567 0.150433 
0.866868 0.133132 
0.831437 0.168563 
0.877031 0.122969 
0.862142 0.137858 
0.865551 0.134449 
0.829669 0.170331 
0.883911 0.116089 
0.846902 0.153098 
0.883598 0.116402 
0.843878 0.156122 
0.845114 0.154886 
0.850125 0.149875 
0.866774 0.133226 
0.904310 0.095690 
0.925919 0.074081 
0.837002 0.162998 
0.895649 0.104351 
0.688004 0.311996 
0.580629 0.419371 
0.858174 0.141826 
0.903537 0.096463 
0.757832 0.242168 
0.884949 0.115051 
0.839221 0.160779 
0.931355 0.068645 
0.877903 0.122097 
0.860216 0.139784 
0.876579 0.123421 
0.885399 0.114601 
0.847869 0.152131 
0.822659 0.177341 
0.892824 0.107176 
0.823777 0.176223 
0.799408 0.200592 
0.896764 0.103236 
0.868505 0.131495 
0.811459 0.188541 
0.868539 0.131461 
0.859469 0.140531 
0.914046 0.085954 
0.925332 0.074668 
0.817323 0.182677 
0.868683 0.131317 
0.758798 0.241202 
0.847249 0.152751 
0.864450 0.135550 
0.861150 0.138850 
0.880155 0.119845 
0.835194 0.164806 
0.866945 0.133055 
0.903444 0.096556 
0.843123 0.156877 
0.846235 0.153765 
0.905752 0.094248 
0.891240 0.108760 
0.924419 0.075581 
0.543198 0.456802 
0.811620 0.188380 
0.673944 0.326056 
0.882319 0.117681 
0.879023 0.120977 
0.819261 0.180739 
0.823525 0.176475 
0.748030 0.251970 
0.853701 0.146299 
0.845815 0.154185 
0.915766 0.084234 
0.934703 0.065297 
0.823863 0.176137 
0.854693 0.145307 
0.894822 0.105178 
0.879284 0.120716 
0.866301 0.133699 
0.868839 0.131161 
0.858839 0.141161 
0.860718 0.139282 
0.890697 0.109303 
0.890108 0.109892 
0.867512 0.132488 
0.875116 0.124884 
0.874602 0.125398 
0.853667 0.146333 
0.844459 0.155541 
0.861328 0.138672 
0.877055 0.122945 
0.845717 0.154283 
0.846717 0.153283 
0.874089 0.125911 
0.893148 0.106852 
0.893461 0.106539 
0.891400 0.108600 
0.853994 0.146006 
0.959497 0.040503 
0.969520 0.030480 
0.865760 0.134240 
0.973242 0.026758 
0.965959 0.034041 
0.966417 0.033583 
0.967919 0.032081 
0.976097 0.023903 
0.902926 0.097074 
0.863354 0.136646 
0.999801 0.000199 
0.975841 0.024159 
0.969665 0.030335 
0.981294 0.018706 
0.980028 0.019972 
0.968032 0.031968 
0.979457 0.020543 
0.968252 0.031748 
0.748435 0.251565 
0.973736 0.026264 
0.963403 0.036597 
0.954395 0.045605 
0.964059 0.035941 
0.983583 0.016417 
0.986188 0.013812 
0.777902 0.222098 
0.959625 0.040375 
0.978008 0.021992 
0.975259 0.024741 
0.962058 0.037942 
0.959938 0.040062 
0.940497 0.059503 
0.980369 0.019631 
0.949709 0.050291 
0.967072 0.032928 
0.967178 0.032822 
0.941335 0.058665 
0.970674 0.029326 
0.971390 0.028610 
0.929678 0.070322 
0.983509 0.016491 
0.969815 0.030185 
0.913579 0.086421 
0.922462 0.077538 
0.971276 0.028724 
0.959642 0.040358 
0.943779 0.056221 
0.987959 0.012041 
0.977278 0.022722 
0.985361 0.014639 
0.940169 0.059831 
0.975756 0.024244 
0.977625 0.022375 
0.956943 0.043057 
0.920420 0.079580 
0.958306 0.041694 
0.885369 0.114631 
0.716406 0.283594 
0.837425 0.162575 
0.984686 0.015314 
0.971435 0.028565 
0.980087 0.019913 
0.980723 0.019277 
0.960293 0.039707 
0.957134 0.042866 
0.802724 0.197276 
0.972283 0.027717 
0.948953 0.051047 
0.921024 0.078976 
0.972646 0.027354 
0.952448 0.047552 
0.963988 0.036012 
0.966053 0.033947 
0.956019 0.043981 
0.865351 0.134649 
0.804724 0.195276 
0.901418 0.098582 
0.759512 0.240488 
0.967260 0.032740 
0.953638 0.046362 
0.979904 0.020096 
0.974761 0.025239 
0.955151 0.044849 
0.974954 0.025046 
0.991773 0.008227 
0.974835 0.025165 
0.964615 0.035385 
0.980829 0.019171 
0.977845 0.022155 
0.969260 0.030740 
0.955785 0.044215 
0.956599 0.043401 
0.970808 0.029192 
0.974810 0.025190 
0.973669 0.026331 
0.977259 0.022741 
0.942634 0.057366 
0.969952 0.030048 
0.799728 0.200272 
0.978232 0.021768 
0.983818 0.016182 
0.967337 0.032663 
0.994087 0.005913 
0.984615 0.015385 
0.883637 0.116363 
0.964475 0.035525 
0.952259 0.047741 
0.953693 0.046307 
0.971262 0.028738 
0.984451 0.015549 
0.949575 0.050425 
0.855322 0.144678 
0.777718 0.222282 
0.903061 0.096939 
0.918978 0.081022 
0.900710 0.099290 
0.901156 0.098844 
0.904814 0.095186 
0.897802 0.102198 
0.902488 0.097512 
0.896035 0.103965 
0.919114 0.080886 
0.872470 0.127530 
0.892354 0.107646 
0.881907 0.118093 
0.840592 0.159408 
0.894351 0.105649 
0.897681 0.102319 
0.875236 0.124764 
0.671713 0.328287 
0.797261 0.202739 
0.885104 0.114896 
0.741499 0.258501 
0.837366 0.162634 
0.537982 0.462018 
0.803254 0.196746 
0.202717 0.797283 
0.748801 0.251199 
0.809422 0.190578 
0.707223 0.292777 
0.848625 0.151375 
0.796598 0.203402 
0.051637 0.948363 
0.133740 0.866260 
0.833777 0.166223 
0.570272 0.429728 
0.661059 0.338941 
0.116948 0.883052 
0.815784 0.184216 
0.876202 0.123798 
0.451571 0.548429 
0.090091 0.909909 
0.838637 0.161363 
0.783111 0.216889 
0.917831 0.082169 
0.876240 0.123760 
0.919930 0.080070 
0.863697 0.136303 
0.916207 0.083793 
0.879641 0.120359 
0.088537 0.911463 
0.143343 0.856657 
0.809966 0.190034 
0.950577 0.049423 
0.780764 0.219236 
0.895027 0.104973 
0.136573 0.863427 
0.087103 0.912897 
0.119166 0.880834 
0.881487 0.118513 
0.911268 0.088732 
0.930531 0.069469 
0.930767 0.069233 
0.899271 0.100729 
0.120301 0.879699 
0.576402 0.423598 
0.807067 0.192933 
0.820929 0.179071 
0.849520 0.150480 
0.867730 0.132270 
0.887176 0.112824 
0.880931 0.119069 
0.814748 0.185252 
0.891788 0.108212 
0.923396 0.076604 
0.887090 0.112910 
0.913500 0.086500 
0.899843 0.100157 
0.903309 0.096691 
0.880749 0.119251 
0.923315 0.076685 
0.904155 0.095845 
0.889334 0.110666 
0.888333 0.111667 
0.925354 0.074646 
0.639073 0.360927 
0.549456 0.450544 
0.131194 0.868806 
0.170861 0.829139 
0.303215 0.696785 
0.266255 0.733745 
0.218614 0.781386 
0.524733 0.475267 
0.283908 0.716092 
0.312322 0.687678 
0.224408 0.775592 
0.253661 0.746339 
0.511263 0.488737 
0.569801 0.430199 
0.246588 0.753412 
0.243076 0.756924 
0.816448 0.183552 
0.393357 0.606643 
0.434443 0.565557 
0.054575 0.945425 
0.154559 0.845441 
0.656206 0.343794 
0.184415 0.815585 
0.214114 0.785886 
0.422783 0.577217 
0.125810 0.874190 
0.252919 0.747081 
0.571315 0.428685 
0.452842 0.547158 
0.186587 0.813413 
0.386834 0.613166 
0.173259 0.826741 
0.157765 0.842235 
0.273525 0.726475 
0.092271 0.907729 
0.059049 0.940951 
0.486856 0.513144 
0.090033 0.909967 
0.169842 0.830158 
0.099514 0.900486 
0.140126 0.859874 
0.058558 0.941442 
0.143782 0.856218 
0.258743 0.741257 
0.739666 0.260334 
0.214427 0.785573 
0.145724 0.854276 
0.117224 0.882776 
0.237829 0.762171 
0.821338 0.178662 
0.236365 0.763635 
0.102939 0.897061 
0.457067 0.542933 
0.222527 0.777473 
0.222982 0.777018 
0.382250 0.617750 
0.273058 0.726942 
0.195116 0.804884 
0.277721 0.722279 
0.229902 0.770098 
0.167144 0.832856 
0.553721 0.446279 
0.337217 0.662783 
0.445983 0.554017 
1.98363 0.436432 
18.6639 4.40161 
0.446172 0.508994 
0.70934 2.21295 
4.84431 0.665416 
2.70659 0.638749 
8.67824 0.929031 
4.7613 0.852634 
5.54067 1.68546 
1.07758 0.67461 
9.48055 0.792982 
6.4317 0.538586 
0.755073 7.83081 
14.9968 2.83894 
10.8388 0.830853 
16.0876 2.44979 
1.59153 0.791836 
1.75805 3.92035 
