-7754276.522523
0
0.027961 0.025873 0.019235 0.021250 0.008298 0.005578 0.004087 0.005735 0.010847 0.007407 0.001809 0.005978 0.005598 0.004836 0.012793 0.003922 0.009215 0.001367 0.007372 0.004919 0.001062 0.000812 0.001675 0.000000 0.061311 0.050859 0.042741 0.038590 0.008997 0.009852 0.009409 0.009600 0.022137 0.017399 0.008724 0.019201 0.007619 0.013183 0.034011 0.012045 0.003572 0.001863 0.005309 0.004057 0.000976 0.000883 0.004685 0.000518 0.035655 0.039598 0.029225 0.026683 0.005869 0.008813 0.007003 0.005634 0.010846 0.009748 0.000746 0.007724 0.007558 0.005340 0.013288 0.005217 0.002831 0.000568 0.001209 0.001555 0.000289 0.000000 0.000089 0.000000 0.027179 0.044102 0.020862 0.029807 0.000000 0.008870 0.003383 0.001281 0.000086 0.010403 0.000012 0.004702 0.004893 0.006518 0.009846 0.005728 0.002136 0.000785 0.002356 0.001863 0.000698 0.000994 0.002837 0.000000 
0.000151 0.001300 0.000308 0.009600 0.000343 0.000052 0.000000 0.000000 0.000000 0.002934 0.013586 0.004041 0.000000 0.000000 0.000000 0.001301 0.002934 0.004425 0.000800 0.002918 0.001212 0.003941 0.001333 0.016120 0.002242 0.000455 0.000338 0.014499 0.000000 0.000000 0.000000 0.000004 0.000001 0.000361 0.006280 0.002399 0.000000 0.000068 0.000118 0.000669 0.000043 0.001012 0.000000 0.000851 0.002032 0.001562 0.002808 0.018532 0.000934 0.002558 0.000000 0.010577 0.000173 0.000000 0.000000 0.000000 0.000373 0.016311 0.045002 0.019029 0.000000 0.000091 0.000000 0.000270 0.006973 0.013079 0.003475 0.011644 0.000000 0.002086 0.000000 0.003382 0.034903 0.008715 0.003658 0.262714 0.000000 0.000000 0.000000 0.000000 0.002467 0.016951 0.266625 0.034988 0.000105 0.000487 0.000263 0.002061 0.002592 0.008210 0.004134 0.007431 0.005607 0.009305 0.002037 0.069216 
0.001275 0.001194 0.000559 0.000759 0.003091 0.001195 0.000811 0.002554 0.003946 0.000963 0.007741 0.001555 0.000155 0.000573 0.000506 0.000113 0.000811 0.000609 0.000671 0.000652 0.000000 0.000097 0.000296 0.000088 0.001760 0.000872 0.000456 0.000652 0.004556 0.001300 0.001241 0.004533 0.009492 0.000142 0.011015 0.002812 0.000000 0.000477 0.000422 0.000356 0.000111 0.000433 0.000475 0.000522 0.000000 0.000111 0.000037 0.000483 0.001396 0.001242 0.000352 0.000968 0.001346 0.000925 0.000216 0.002353 0.006681 0.002483 0.007367 0.002507 0.000080 0.000242 0.000151 0.000173 0.000514 0.000159 0.000595 0.000161 0.000221 0.000085 0.000000 0.000089 0.024649 0.016028 0.005842 0.011804 0.150231 0.052661 0.019652 0.172719 0.215881 0.051649 0.067177 0.106344 0.000094 0.000297 0.000000 0.000214 0.000187 0.000753 0.000198 0.000374 0.000072 0.000116 0.000219 0.000059 
0.011697 0.004171 0.002423 0.000000 0.008058 0.007453 0.009468 0.006891 0.012560 0.010644 0.006384 0.012897 0.004787 0.006184 0.004916 0.002774 0.022471 0.022522 0.048681 0.026276 0.004692 0.005910 0.010579 0.006586 0.000000 0.000000 0.000000 0.000000 0.006604 0.006299 0.008634 0.008382 0.007083 0.009540 0.015324 0.011467 0.000922 0.004644 0.003896 0.006703 0.014615 0.040329 0.047300 0.034466 0.002831 0.009697 0.017175 0.023958 0.006782 0.003985 0.003912 0.000000 0.008727 0.014568 0.013292 0.011956 0.004190 0.000071 0.000385 0.009823 0.003261 0.005858 0.004280 0.003498 0.022703 0.024905 0.041119 0.027147 0.010873 0.017477 0.068784 0.020940 0.000000 0.000000 0.000000 0.000000 0.000000 0.003803 0.004966 0.003098 0.000234 0.000367 0.000548 0.002667 0.001438 0.003323 0.001679 0.003191 0.012074 0.023217 0.021887 0.017888 0.004047 0.008849 0.008740 0.010554 
0.000625 0.000230 0.000000 0.000200 0.000000 0.000190 0.000354 0.000223 0.000640 0.026796 0.000639 0.009249 0.001269 0.000706 0.001077 0.003212 0.000095 0.000012 0.000000 0.000776 0.000269 0.000397 0.000989 0.000339 0.001773 0.000284 0.000745 0.001245 0.000132 0.000320 0.001029 0.000441 0.072512 0.121257 0.033938 0.085274 0.000444 0.000893 0.000419 0.001521 0.000656 0.000097 0.000018 0.003273 0.000127 0.000461 0.000964 0.000927 0.000000 0.000000 0.000000 0.000000 0.000000 0.000000 0.000000 0.000000 0.000663 0.027332 0.000096 0.017042 0.000328 0.000224 0.000529 0.000687 0.000000 0.000000 0.000000 0.007976 0.000000 0.000000 0.000000 0.000350 0.001135 0.002448 0.000212 0.000000 0.000000 0.000876 0.000329 0.000000 0.094179 0.253941 0.114905 0.082146 0.001058 0.001481 0.000815 0.004426 0.001790 0.001253 0.001557 0.001991 0.000388 0.000983 0.000670 0.001155 
0.000000 0.000987 0.000000 0.002132 0.000299 0.000558 0.000042 0.000960 0.019158 0.013607 0.134176 0.010577 0.000481 0.003261 0.000052 0.002847 0.006793 0.006817 0.016303 0.003073 0.000031 0.000634 0.000232 0.000583 0.005141 0.012436 0.005924 0.041780 0.000000 0.000000 0.000000 0.000000 0.004775 0.006481 0.130554 0.005808 0.000000 0.001639 0.000000 0.000590 0.005321 0.006123 0.022741 0.005366 0.000227 0.003085 0.003322 0.004503 0.001020 0.003433 0.000838 0.012916 0.000273 0.001556 0.000000 0.000574 0.041693 0.065412 0.194965 0.040332 0.000096 0.002087 0.000225 0.001067 0.016767 0.012808 0.016539 0.009259 0.000000 0.000354 0.000000 0.001443 0.000000 0.002031 0.000246 0.002652 0.000000 0.000000 0.000000 0.000000 0.002657 0.000758 0.052187 0.001797 0.000369 0.000516 0.000000 0.000063 0.005198 0.006063 0.008783 0.003300 0.000000 0.000073 0.000229 0.000000 
0.450026 0.000002 0.015274 0.033655 0.172785 0.328258 
0.019483 0.799537 0.005160 0.001911 0.011691 0.162219 
0.011495 0.021471 0.001957 0.017506 0.014000 0.933572 
0.000275 0.013142 0.003525 0.000000 0.024416 0.958643 
0.017997 0.018811 0.009856 0.000000 0.001204 0.952132 
0.387103 0.098062 0.037986 0.354339 0.031465 0.091045 
0.016718 0.006844 0.004022 0.000000 0.015361 0.957054 
0.034615 0.023502 0.002224 0.000000 0.054868 0.884792 
0.021627 0.000003 0.012512 0.000000 0.000033 0.965824 
0.017831 0.000007 0.000019 0.000000 0.036189 0.945954 
0.022451 0.013015 0.002614 0.001923 0.019180 0.940817 
0.186761 0.000005 0.048302 0.281273 0.083790 0.399870 
0.014443 0.038645 0.795827 0.028002 0.112467 0.010615 
0.177148 0.000021 0.003397 0.299170 0.156729 0.363535 
0.098356 0.000022 0.017747 0.228185 0.210663 0.445028 
0.159916 0.000026 0.028996 0.270042 0.139555 0.401464 
0.039075 0.000013 0.045773 0.282697 0.134703 0.497739 
0.090479 0.000027 0.069789 0.317133 0.119433 0.403140 
0.084755 0.040582 0.025245 0.268955 0.133757 0.446707 
0.366651 0.032153 0.057359 0.195000 0.054304 0.294533 
0.189314 0.000018 0.064181 0.242951 0.191806 0.311730 
0.065928 0.008505 0.040680 0.499610 0.098464 0.286814 
0.258066 0.090519 0.026886 0.230042 0.097144 0.297344 
0.222598 0.000022 0.024774 0.303423 0.123539 0.325643 
0.000000 0.000000 0.980834 0.000001 0.019165 0.000000 
0.000000 0.019241 0.478643 0.303659 0.000001 0.198456 
0.250490 0.021548 0.295051 0.139419 0.000002 0.293489 
0.000000 0.000000 0.959700 0.002921 0.037378 0.000000 
0.000000 0.000000 0.961100 0.028538 0.010362 0.000000 
0.000000 0.000000 0.000344 0.999656 0.000000 0.000000 
0.409452 0.000000 0.079828 0.291255 0.100143 0.119322 
0.078299 0.000000 0.001598 0.140014 0.054399 0.725689 
0.000000 0.000000 0.000008 0.999992 0.000000 0.000000 
0.000000 0.000000 0.989463 0.003206 0.007330 0.000000 
0.000000 0.000000 0.956121 0.000001 0.043878 0.000000 
0.008084 0.937390 0.000815 0.003357 0.008938 0.041415 
0.064410 0.018753 0.007500 0.080513 0.061879 0.766946 
0.000000 0.000000 0.999998 0.000001 0.000001 0.000000 
0.037524 0.000000 0.041721 0.222964 0.028411 0.669380 
0.135453 0.000000 0.048797 0.269128 0.134978 0.411643 
0.000000 0.000000 0.969842 0.000002 0.030156 0.000000 
0.000000 0.038377 0.920314 0.000000 0.041309 0.000000 
0.000000 0.000000 0.936846 0.000001 0.063154 0.000000 
0.032630 0.000000 0.012247 0.028252 0.637475 0.289396 
0.028081 0.018619 0.000029 0.182186 0.031525 0.739560 
0.000000 0.000000 0.922926 0.000001 0.077072 0.000000 
0.000000 0.000000 0.999998 0.000001 0.000001 0.000000 
0.000000 0.000000 0.913192 0.058453 0.028355 0.000000 
0.037409 0.022118 0.831594 0.073256 0.035623 0.000000 
0.023847 0.020778 0.632921 0.040800 0.062486 0.219168 
0.000000 0.000000 0.986100 0.000000 0.013900 0.000000 
0.095721 0.007580 0.018176 0.680718 0.000000 0.197805 
0.164299 0.000000 0.068569 0.313999 0.000001 0.453133 
0.000000 0.000000 0.967674 0.032326 0.000001 0.000000 
0.000000 0.000000 0.960171 0.000001 0.039827 0.000000 
0.000000 0.000000 0.991042 0.000001 0.008958 0.000000 
0.000000 0.033998 0.928323 0.000001 0.037679 0.000000 
0.000000 0.000000 0.977487 0.000000 0.022513 0.000000 
0.000000 0.000000 0.838941 0.000000 0.039024 0.122035 
0.000000 0.000000 0.898218 0.000000 0.101782 0.000000 
0.015813 0.000000 0.579400 0.065820 0.113153 0.225814 
0.000000 0.000000 0.830637 0.000000 0.066318 0.103045 
0.000000 0.000000 0.985537 0.000000 0.014463 0.000000 
0.000000 0.067984 0.824569 0.022726 0.084720 0.000000 
0.089901 0.000000 0.274214 0.465316 0.066209 0.104360 
0.076223 0.000000 0.067978 0.592900 0.065324 0.197575 
0.000000 0.037177 0.868678 0.013194 0.080950 0.000000 
0.223161 0.000000 0.566909 0.062005 0.038546 0.109378 
0.000000 0.000000 0.999796 0.000000 0.000204 0.000000 
0.000000 0.000000 0.940062 0.000000 0.059938 0.000000 
0.000000 0.016709 0.953617 0.001764 0.027910 0.000000 
0.000000 0.851573 0.001709 0.095105 0.000023 0.051590 
0.000000 0.000000 0.978567 0.000000 0.021433 0.000000 
0.000000 0.000000 0.970281 0.000000 0.029719 0.000000 
0.000000 0.029879 0.837268 0.004323 0.128531 0.000000 
0.000000 0.000000 0.954514 0.000000 0.045486 0.000000 
0.000000 0.000000 0.858426 0.000000 0.053663 0.087910 
0.000000 0.000000 0.990381 0.000000 0.009619 0.000000 
0.000000 0.029259 0.855607 0.000000 0.115134 0.000000 
0.000000 0.033095 0.891679 0.000000 0.075226 0.000000 
0.000000 0.084831 0.838099 0.000000 0.077070 0.000000 
0.000000 0.000000 0.778304 0.000000 0.080656 0.141040 
0.000000 0.000000 0.968364 0.000000 0.031636 0.000000 
0.035270 0.000000 0.837322 0.011147 0.116261 0.000000 
0.000235 0.928091 0.002678 0.009507 0.000060 0.059429 
0.167864 0.046094 0.007922 0.103997 0.042019 0.632103 
0.126342 0.000034 0.019586 0.056319 0.011364 0.786356 
0.080842 0.023740 0.000000 0.030557 0.000070 0.864790 
0.027626 0.015736 0.007431 0.036342 0.027530 0.885336 
0.004288 0.827151 0.000000 0.034067 0.025329 0.109165 
0.087157 0.028368 0.019064 0.000023 0.019085 0.846304 
0.017904 0.000007 0.003964 0.000003 0.013133 0.964988 
0.053627 0.006685 0.000000 0.038523 0.035606 0.865559 
0.076111 0.093596 0.000195 0.000004 0.029142 0.800951 
0.025505 0.006264 0.000000 0.629594 0.003767 0.334871 
0.000015 0.821106 0.000653 0.032402 0.012969 0.132856 
0.093690 0.220585 0.000187 0.002823 0.070107 0.612609 
0.158032 0.061610 0.018012 0.000027 0.046859 0.715460 
0.118466 0.024865 0.005676 0.000017 0.027882 0.823094 
0.064927 0.000019 0.000000 0.063059 0.043266 0.828729 
0.324170 0.000038 0.490825 0.031488 0.000119 0.153361 
0.069407 0.029568 0.000000 0.028516 0.048014 0.824496 
0.002384 0.476949 0.000747 0.004417 0.044759 0.470743 
0.070323 0.000020 0.023867 0.062926 0.022351 0.820512 
0.049852 0.000021 0.004714 0.036703 0.062036 0.846675 
0.055247 0.002085 0.008562 0.000017 0.081371 0.852718 
0.018145 0.925733 0.000000 0.006059 0.009939 0.040125 
0.115094 0.011964 0.000000 0.122539 0.042192 0.708210 
0.049216 0.004201 0.000000 0.265183 0.057588 0.623812 
0.085529 0.000029 0.021802 0.026989 0.055734 0.809918 
0.084054 0.022117 0.005696 0.033020 0.014784 0.840330 
0.010215 0.912515 0.000000 0.043802 0.000005 0.033463 
0.004520 0.015591 0.000000 0.000001 0.040786 0.939103 
0.100346 0.019155 0.004553 0.097185 0.058236 0.720524 
0.103962 0.024766 0.000000 0.000009 0.033340 0.837922 
0.016312 0.883397 0.000000 0.008009 0.013034 0.079247 
0.070938 0.036500 0.008911 0.000014 0.031308 0.852329 
0.167614 0.024825 0.012114 0.068366 0.043314 0.683767 
0.162947 0.000024 0.000001 0.023760 0.050027 0.763242 
0.066677 0.020975 0.013135 0.057209 0.030809 0.811196 
0.008962 0.367500 0.001806 0.016140 0.075039 0.530553 
0.018892 0.000023 0.000000 0.547181 0.050320 0.383583 
0.043770 0.006772 0.000000 0.000009 0.032504 0.916945 
0.109060 0.000030 0.000000 0.000018 0.060642 0.830249 
0.001450 0.900738 0.003308 0.020839 0.011999 0.061667 
0.649831 0.021601 0.000000 0.000019 0.000088 0.328461 
0.000169 0.000570 0.936476 0.000011 0.033772 0.029003 
0.049766 0.000033 0.000000 0.000025 0.058649 0.891527 
0.013431 0.000010 0.000000 0.000005 0.002199 0.984355 
0.061824 0.001209 0.021070 0.085234 0.034233 0.796430 
0.047086 0.006640 0.000000 0.267436 0.012512 0.666325 
0.112083 0.000014 0.000000 0.084639 0.044554 0.758710 
0.045885 0.027126 0.000001 0.081634 0.060662 0.784692 
0.104904 0.012000 0.012475 0.074725 0.000116 0.795779 
0.091399 0.011872 0.014476 0.000020 0.026533 0.855700 
0.070487 0.000014 0.228497 0.077592 0.074598 0.548812 
0.043333 0.019583 0.003919 0.156671 0.029828 0.746665 
0.028004 0.904955 0.000816 0.005499 0.000032 0.060695 
0.200717 0.000027 0.037688 0.074522 0.088709 0.598337 
0.074321 0.006328 0.008730 0.000014 0.018337 0.892270 
0.057952 0.000022 0.000000 0.029642 0.041438 0.870945 
0.038434 0.166250 0.015117 0.000005 0.000049 0.780145 
0.018060 0.908908 0.000000 0.013515 0.010239 0.049278 
0.059987 0.108581 0.001513 0.738953 0.012482 0.078484 
0.077664 0.014847 0.000000 0.000013 0.008337 0.899139 
0.083119 0.034161 0.015383 0.052723 0.036560 0.778055 
0.009076 0.835828 0.000000 0.006248 0.026561 0.122287 
0.085630 0.010654 0.014184 0.046111 0.020136 0.823285 
0.054623 0.000019 0.000000 0.033509 0.033339 0.878510 
0.062140 0.002116 0.020622 0.024464 0.030542 0.860115 
0.021639 0.385805 0.000000 0.003491 0.050349 0.538717 
0.012332 0.001746 0.006563 0.140009 0.039708 0.799642 
0.041161 0.023783 0.006807 0.124713 0.036436 0.767099 
0.083215 0.000020 0.013148 0.056096 0.022430 0.825090 
0.000200 0.003970 0.000000 0.002024 0.021882 0.971924 
0.081417 0.000035 0.000000 0.000025 0.019950 0.898572 
0.101502 0.063586 0.572430 0.000015 0.095731 0.166735 
0.003480 0.914192 0.000000 0.002158 0.006841 0.073328 
0.000182 0.854733 0.000000 0.021500 0.024976 0.098609 
0.081547 0.005489 0.000000 0.000006 0.020072 0.892886 
0.088896 0.024954 0.005024 0.030588 0.023836 0.826701 
0.105610 0.000015 0.014131 0.019719 0.000075 0.860449 
0.084627 0.000034 0.000000 0.063170 0.036934 0.815234 
0.111569 0.027690 0.002689 0.000018 0.038615 0.819419 
0.131952 0.009963 0.013870 0.000013 0.039434 0.804767 
0.106226 0.010868 0.022616 0.000027 0.202332 0.657931 
0.115469 0.000017 0.006650 0.008027 0.045118 0.824719 
0.109527 0.000024 0.010559 0.005496 0.017598 0.856797 
0.001254 0.864591 0.000000 0.025203 0.013356 0.095596 
0.052974 0.029230 0.000000 0.000026 0.045052 0.872717 
0.125714 0.000023 0.005745 0.000015 0.047032 0.821471 
0.035328 0.006339 0.000000 0.381139 0.059777 0.517418 
0.125401 0.000038 0.748255 0.076707 0.010539 0.039059 
0.022483 0.000000 0.024332 0.009170 0.025441 0.918574 
0.074917 0.008234 0.039531 0.414276 0.082730 0.380312 
0.074703 0.008454 0.039787 0.415524 0.082634 0.378896 
0.215673 0.000000 0.079955 0.294183 0.029094 0.381094 
0.484379 0.074492 0.077576 0.343252 0.000195 0.020105 
0.097536 0.000000 0.026504 0.154433 0.658318 0.063209 
0.097804 0.021732 0.011579 0.128505 0.670012 0.070367 
0.131357 0.074692 0.021452 0.004585 0.099308 0.668606 
0.105048 0.011882 0.005768 0.390513 0.031757 0.455032 
0.007126 0.000000 0.000042 0.001481 0.000066 0.991286 
0.000116 0.000000 0.004866 0.003769 0.004233 0.987016 
0.119424 0.022937 0.007829 0.086871 0.657663 0.105277 
0.071899 0.000000 0.044366 0.475165 0.094622 0.313948 
0.210345 0.063231 0.059378 0.414593 0.000976 0.251475 
0.170511 0.077353 0.452831 0.120015 0.027431 0.151860 
0.108221 0.002333 0.038759 0.453264 0.094065 0.303358 
0.090342 0.000000 0.037350 0.862629 0.000072 0.009607 
0.134320 0.000000 0.036976 0.394244 0.089176 0.345284 
0.040255 0.000000 0.063698 0.870289 0.000231 0.025527 
0.066439 0.000000 0.000080 0.920939 0.008219 0.004324 
0.046007 0.000000 0.037097 0.637632 0.036284 0.242979 
0.044058 0.000000 0.014746 0.902002 0.008473 0.030721 
0.088680 0.000000 0.020941 0.865945 0.000274 0.024160 
0.023565 0.000000 0.031577 0.927107 0.000199 0.017552 
0.108807 0.000000 0.036679 0.384502 0.099688 0.370325 
0.072536 0.004204 0.033577 0.409069 0.080586 0.400028 
0.089015 0.006193 0.042384 0.432983 0.084971 0.344452 
0.101642 0.000000 0.001563 0.413794 0.281603 0.201397 
0.039407 0.000000 0.151188 0.341867 0.262601 0.204938 
0.020059 0.026745 0.004498 0.094122 0.040291 0.814286 
0.021443 0.023568 0.000006 0.081698 0.037538 0.835748 
0.128501 0.019460 0.042986 0.429353 0.060827 0.318874 
0.145474 0.001925 0.044077 0.347847 0.072366 0.388312 
0.108846 0.029282 0.044570 0.339590 0.063325 0.414386 
0.011257 0.024802 0.000011 0.044246 0.005862 0.913822 
0.015813 0.942766 0.000003 0.008719 0.002113 0.030587 
0.031129 0.029687 0.000004 0.019196 0.013814 0.906170 
0.069258 0.033460 0.000007 0.006521 0.027660 0.863095 
0.008440 0.017202 0.002092 0.009311 0.006875 0.956080 
0.000324 0.019595 0.011119 0.002019 0.003435 0.963508 
0.044378 0.006554 0.002956 0.042445 0.029221 0.874446 
0.055994 0.010624 0.000006 0.036572 0.016468 0.880336 
0.011394 0.032410 0.006578 0.012508 0.008664 0.928446 
0.020316 0.014377 0.004690 0.132970 0.014256 0.813392 
0.039299 0.011167 0.009859 0.021769 0.002847 0.915060 
0.099694 0.018996 0.008069 0.139839 0.054772 0.678631 
0.058254 0.007435 0.001883 0.019193 0.026030 0.887205 
0.035971 0.012006 0.000003 0.000296 0.005998 0.945726 
0.083227 0.012311 0.000001 0.068254 0.017209 0.818998 
0.042454 0.008919 0.000017 0.062751 0.017124 0.868736 
0.000174 0.928588 0.000001 0.049679 0.002719 0.018840 
0.132370 0.002303 0.025546 0.396813 0.043898 0.399070 
0.044803 0.017129 0.002889 0.017418 0.039139 0.878622 
0.180266 0.062983 0.185396 0.096360 0.076884 0.398110 
0.198504 0.065221 0.011242 0.000547 0.009325 0.715161 
0.081748 0.062604 0.000025 0.000618 0.026084 0.828922 
0.173382 0.048912 0.003759 0.119853 0.004603 0.649490 
0.254104 0.062040 0.000013 0.000708 0.001452 0.681683 
0.209335 0.027465 0.010133 0.083476 0.020793 0.648798 
0.221928 0.000404 0.051462 0.171811 0.079846 0.474549 
0.133972 0.055376 0.000016 0.007402 0.013019 0.790215 
0.177593 0.039142 0.233433 0.132332 0.084498 0.333001 
0.016063 0.000383 0.004352 0.213992 0.026852 0.738358 
0.155225 0.075996 0.079917 0.223844 0.118162 0.346856 
0.207855 0.052627 0.063109 0.130470 0.101522 0.444417 
0.073739 0.015975 0.000003 0.010087 0.036405 0.863791 
0.076833 0.018789 0.005734 0.031920 0.038268 0.828455 
0.018405 0.006425 0.000005 0.014815 0.029186 0.931163 
0.017415 0.000059 0.000005 0.140741 0.011653 0.830127 
0.209271 0.016227 0.038690 0.064645 0.288891 0.382277 
0.248202 0.000348 0.049221 0.176788 0.107421 0.418020 
0.188500 0.048059 0.009827 0.063032 0.056087 0.634495 
0.041002 0.000921 0.006406 0.443267 0.071295 0.437109 
0.046517 0.002469 0.005021 0.440432 0.077093 0.428468 
0.091414 0.017809 0.161447 0.175659 0.066099 0.487572 
0.066815 0.020959 0.004875 0.041954 0.035422 0.829975 
0.007097 0.866492 0.001944 0.083015 0.013926 0.027526 
0.076479 0.011863 0.000009 0.063197 0.049063 0.799390 
0.236798 0.083665 0.005265 0.030436 0.030611 0.613226 
0.049973 0.008045 0.003809 0.090556 0.062853 0.784763 
0.201539 0.053533 0.009637 0.042444 0.056507 0.636340 
0.159954 0.064096 0.011352 0.055378 0.037950 0.671270 
0.047969 0.026614 0.436488 0.078175 0.034070 0.376685 
0.336051 0.039890 0.111104 0.091627 0.082651 0.338678 
0.158688 0.070080 0.022517 0.079615 0.044037 0.625063 
0.274439 0.022097 0.067070 0.121022 0.107069 0.408303 
0.000139 0.721592 0.004169 0.035449 0.022978 0.215673 
0.279826 0.058582 0.044467 0.076965 0.209129 0.331031 
0.682945 0.016493 0.032212 0.209418 0.008607 0.050324 
0.012922 0.794047 0.003935 0.034332 0.000355 0.154410 
0.070525 0.015599 0.013626 0.011637 0.020279 0.868333 
0.065217 0.012493 0.013340 0.013963 0.021988 0.872999 
0.047690 0.010175 0.002524 0.056934 0.018101 0.864576 
0.056225 0.007951 0.001811 0.057378 0.014853 0.861782 
0.120880 0.001228 0.032102 0.280519 0.075982 0.489288 
0.118257 0.001108 0.030404 0.274024 0.083440 0.492766 
0.130312 0.000111 0.036197 0.265963 0.075190 0.492228 
0.096008 0.000110 0.037086 0.269676 0.076532 0.520588 
0.153428 0.008821 0.054344 0.174039 0.113702 0.495666 
0.002300 0.013916 0.000003 0.156396 0.023621 0.803764 
0.053631 0.001518 0.001615 0.061016 0.326498 0.555723 
0.043883 0.009913 0.013082 0.084839 0.032838 0.815445 
0.046532 0.013592 0.010120 0.043967 0.064838 0.820951 
0.057724 0.002558 0.015046 0.124409 0.025820 0.774443 
0.073964 0.006550 0.010591 0.092371 0.021522 0.795003 
0.030914 0.007937 0.003175 0.027093 0.024556 0.906324 
0.041150 0.007582 0.003244 0.227198 0.042984 0.677843 
0.047482 0.009503 0.006536 0.216070 0.033665 0.686743 
0.108973 0.003832 0.009353 0.072184 0.047692 0.757967 
0.188345 0.114889 0.052679 0.119738 0.060102 0.464246 
0.128815 0.066892 0.060520 0.222544 0.101384 0.419845 
0.002323 0.781005 0.000007 0.007494 0.000505 0.208666 
0.104782 0.004851 0.014027 0.254155 0.042406 0.579779 
0.145342 0.017649 0.104619 0.228974 0.050286 0.453131 
0.022496 0.013698 0.001238 0.005046 0.032214 0.925308 
0.059703 0.010365 0.048247 0.270983 0.132549 0.478154 
0.277621 0.046811 0.089127 0.178179 0.023389 0.384873 
0.048063 0.018548 0.005050 0.009042 0.029876 0.889421 
0.063882 0.009515 0.002883 0.102746 0.044382 0.776592 
0.301874 0.026120 0.090218 0.106022 0.065950 0.409817 
0.217726 0.039371 0.078393 0.154383 0.077735 0.432392 
0.146086 0.041418 0.055813 0.132289 0.130650 0.493744 
0.487918 0.164783 0.000019 0.017040 0.071202 0.259038 
0.073276 0.006950 0.007108 0.036156 0.131978 0.744531 
0.259715 0.011532 0.051606 0.180600 0.142751 0.353796 
0.215543 0.013558 0.028723 0.104663 0.282006 0.355506 
0.319192 0.085562 0.046134 0.133696 0.105492 0.309924 
0.041796 0.004097 0.002979 0.166777 0.013803 0.770548 
0.013431 0.172686 0.027595 0.006117 0.064317 0.715854 
0.019547 0.061900 0.043030 0.008469 0.100246 0.766808 
0.075964 0.130627 0.053644 0.000988 0.011068 0.727710 
0.014328 0.026129 0.011892 0.080593 0.024317 0.842740 
0.014847 0.000087 0.000006 0.013205 0.015519 0.956335 
0.102795 0.045474 0.082849 0.019442 0.016433 0.733007 
0.000114 0.755745 0.000297 0.028881 0.033237 0.181725 
0.082471 0.001748 0.008459 0.343208 0.006151 0.557963 
0.090060 0.000462 0.034899 0.012633 0.015922 0.846024 
0.007609 0.000138 0.000005 0.166697 0.008314 0.817237 
0.070606 0.007799 0.000004 0.050586 0.022049 0.848956 
0.008201 0.000082 0.000004 0.013293 0.016938 0.961483 
0.045690 0.004456 0.018518 0.063977 0.015842 0.851517 
0.070736 0.029957 0.000004 0.025536 0.024722 0.849044 
0.050454 0.015951 0.000036 0.096650 0.051467 0.785442 
0.023613 0.007733 0.008618 0.034616 0.038714 0.886705 
0.044487 0.009976 0.006764 0.003469 0.028569 0.906735 
0.030098 0.000093 0.001626 0.000195 0.043511 0.924477 
0.080364 0.003867 0.002314 0.004432 0.026392 0.882630 
0.081689 0.046218 0.015317 0.089384 0.008910 0.758481 
0.041688 0.009286 0.008175 0.003708 0.026639 0.910504 
0.029806 0.007976 0.000008 0.046824 0.039390 0.875997 
0.011362 0.005642 0.001892 0.044296 0.037938 0.898869 
0.021990 0.098782 0.004704 0.028616 0.084317 0.761591 
0.062396 0.024385 0.000005 0.025652 0.041733 0.845829 
0.007816 0.019363 0.002745 0.000294 0.014205 0.955578 
0.035093 0.024890 0.010067 0.021945 0.033815 0.874190 
0.590210 0.000235 0.033858 0.044779 0.085016 0.245903 
0.139452 0.087912 0.088757 0.129417 0.001641 0.552821 
0.062973 0.062166 0.001548 0.019126 0.029197 0.824991 
0.024217 0.007527 0.000006 0.094708 0.025608 0.847933 
0.020562 0.009596 0.007956 0.007350 0.019197 0.935340 
0.125527 0.019073 0.008869 0.088100 0.026746 0.731685 
0.058823 0.044605 0.000010 0.063375 0.070408 0.762779 
0.041294 0.167280 0.005026 0.004630 0.023889 0.757881 
0.030379 0.009583 0.000006 0.112347 0.019844 0.827841 
0.051741 0.021363 0.003950 0.078681 0.033556 0.810709 
0.027161 0.005652 0.001901 0.152811 0.023446 0.789029 
0.068996 0.021841 0.000029 0.018471 0.055808 0.834854 
0.050472 0.008174 0.006086 0.118856 0.029733 0.786679 
0.002017 0.876020 0.000001 0.017762 0.000089 0.104110 
0.026617 0.000704 0.010165 0.049028 0.048688 0.864798 
0.276303 0.000171 0.071114 0.169611 0.112159 0.370641 
0.035525 0.075930 0.042469 0.002369 0.157671 0.686037 
0.052153 0.018221 0.003093 0.002185 0.024190 0.900158 
0.067636 0.032959 0.000003 0.066039 0.019474 0.813889 
0.153514 0.041086 0.078260 0.044395 0.142995 0.539751 
0.027887 0.843995 0.000006 0.003827 0.035708 0.088577 
0.036320 0.015508 0.013368 0.005727 0.029942 0.899135 
0.055739 0.000089 0.004416 0.080549 0.038645 0.820563 
0.010464 0.009119 0.000739 0.000913 0.021163 0.957602 
0.066182 0.026608 0.008422 0.016619 0.030683 0.851487 
0.003169 0.910226 0.001212 0.000781 0.008354 0.076257 
0.139081 0.000263 0.024180 0.329666 0.030137 0.476673 
0.074230 0.012742 0.000003 0.179177 0.033561 0.700288 
0.043850 0.008295 0.000004 0.058819 0.036716 0.852316 
0.169723 0.000097 0.037341 0.272234 0.052751 0.467855 
0.208010 0.000241 0.140164 0.264192 0.038599 0.348794 
0.083165 0.007811 0.010227 0.047879 0.037310 0.813608 
0.050119 0.039473 0.000915 0.148771 0.058463 0.702261 
0.086618 0.011660 0.015730 0.003034 0.010669 0.872289 
0.064250 0.014935 0.003380 0.000706 0.032513 0.884216 
0.064899 0.026759 0.008377 0.132949 0.021416 0.745599 
0.021102 0.852518 0.000018 0.001260 0.000927 0.124175 
0.000153 0.837604 0.000002 0.016338 0.023172 0.122730 
0.014010 0.778012 0.000001 0.021439 0.000120 0.186418 
0.062972 0.010586 0.000011 0.013531 0.023139 0.889761 
0.071270 0.007616 0.002998 0.000324 0.025593 0.892199 
0.147387 0.001861 0.015212 0.007389 0.145268 0.682883 
0.081240 0.000065 0.000003 0.048626 0.102222 0.767843 
0.190346 0.077193 0.073018 0.002443 0.033452 0.623549 
0.000791 0.919041 0.001096 0.019191 0.001747 0.058133 
0.012701 0.888168 0.000001 0.002713 0.013018 0.083399 
0.184761 0.000280 0.014349 0.233091 0.051760 0.515759 
0.077269 0.000015 0.042102 0.301748 0.083174 0.495692 
0.075597 0.002974 0.033826 0.314493 0.100473 0.472637 
0.079452 0.000097 0.004500 0.072378 0.004703 0.838870 
0.256331 0.000219 0.065126 0.241415 0.060135 0.376773 
0.091086 0.004176 0.000004 0.148391 0.027229 0.729114 
0.122769 0.000103 0.014821 0.310668 0.024910 0.526730 
0.000154 0.783169 0.000264 0.014417 0.026729 0.175267 
0.101355 0.000057 0.003125 0.115958 0.040811 0.738693 
0.058396 0.012138 0.003834 0.002777 0.024376 0.898479 
0.024992 0.005063 0.000003 0.000079 0.015451 0.954411 
0.012337 0.854112 0.000001 0.045846 0.018276 0.069429 
0.011606 0.904948 0.002474 0.025932 0.007484 0.047556 
0.235975 0.000233 0.080044 0.337495 0.045655 0.300598 
0.244922 0.000271 0.008105 0.183943 0.081968 0.480791 
0.192007 0.000110 0.016380 0.004843 0.251183 0.535477 
0.109069 0.000227 0.008121 0.186354 0.127373 0.568855 
0.078514 0.007524 0.000007 0.000631 0.007316 0.906009 
0.049344 0.034809 0.003714 0.007991 0.023380 0.880762 
0.071695 0.008250 0.007079 0.012108 0.035847 0.865021 
0.011152 0.013160 0.003154 0.000249 0.019852 0.952432 
0.084963 0.015478 0.000007 0.096083 0.023809 0.779660 
0.008307 0.036038 0.000007 0.006089 0.011762 0.937797 
0.051767 0.027040 0.010007 0.001120 0.005296 0.904770 
0.015572 0.003782 0.000005 0.008156 0.042810 0.929675 
0.199517 0.021646 0.016887 0.165512 0.031404 0.565035 
0.101132 0.029935 0.003824 0.004761 0.002625 0.857722 
0.082382 0.010531 0.000008 0.019100 0.022526 0.865453 
0.068884 0.013374 0.005921 0.005415 0.049493 0.856913 
0.044734 0.013145 0.000005 0.005212 0.044408 0.892497 
0.064063 0.106628 0.016172 0.232437 0.107699 0.473000 
0.324604 0.012675 0.005085 0.127334 0.096764 0.433538 
0.054307 0.044976 0.007166 0.000541 0.030013 0.862997 
0.007818 0.036538 0.000005 0.015008 0.016214 0.924417 
0.000041 0.900107 0.000001 0.001458 0.014670 0.083722 
0.089014 0.022249 0.003199 0.014974 0.045456 0.825107 
0.082556 0.026459 0.001587 0.030083 0.063945 0.795370 
0.032909 0.013156 0.005256 0.016265 0.032496 0.899918 
0.012504 0.909049 0.002198 0.014277 0.007549 0.054424 
0.174105 0.019826 0.003390 0.175744 0.068649 0.558287 
0.101177 0.016864 0.011021 0.062058 0.021929 0.786952 
0.091370 0.003295 0.003324 0.019183 0.066232 0.816595 
0.013510 0.027778 0.000006 0.000376 0.012127 0.946204 
0.200851 0.012828 0.032647 0.198828 0.046803 0.508043 
0.105851 0.009057 0.001681 0.000160 0.063414 0.819837 
0.139784 0.000226 0.015131 0.229303 0.059504 0.556052 
0.046079 0.004728 0.006894 0.015021 0.017713 0.909565 
0.056203 0.008722 0.000985 0.028319 0.040772 0.864998 
0.050282 0.028347 0.002463 0.000215 0.047372 0.871320 
0.009755 0.000211 0.004124 0.022346 0.008192 0.955372 
0.003634 0.000262 0.005286 0.013771 0.001098 0.975949 
0.232906 0.000339 0.052721 0.274529 0.029027 0.410478 
0.238346 0.043717 0.085630 0.197413 0.083461 0.351433 
0.020060 0.008184 0.004209 0.076652 0.017498 0.873397 
0.044482 0.014628 0.007923 0.101007 0.020020 0.811941 
0.013362 0.005062 0.004452 0.005717 0.014168 0.957239 
0.035247 0.006487 0.005857 0.019320 0.028041 0.905049 
0.241027 0.000199 0.038522 0.242477 0.063497 0.414278 
0.021200 0.000088 0.004530 0.018495 0.045213 0.910474 
0.000102 0.779726 0.000438 0.078957 0.011885 0.128892 
0.048545 0.008930 0.009509 0.013504 0.043343 0.876169 
0.045147 0.017568 0.000005 0.000308 0.021817 0.915156 
0.034845 0.030600 0.000006 0.084532 0.015538 0.834478 
0.006149 0.021159 0.006723 0.464836 0.015645 0.485488 
0.929282 0.000000 0.009581 0.050220 0.000002 0.010915 
0.859024 0.000000 0.036953 0.045098 0.000005 0.058920 
0.001290 0.000000 0.001134 0.000071 0.695852 0.301654 
0.497322 0.000000 0.046400 0.184499 0.105885 0.165894 
0.051011 0.018171 0.014352 0.004293 0.028265 0.883909 
0.002423 0.000000 0.007157 0.003041 0.021462 0.965917 
0.002923 0.000000 0.007449 0.018484 0.019566 0.951579 
0.764375 0.000000 0.010160 0.063675 0.065989 0.095800 
0.383389 0.000000 0.106460 0.322140 0.000005 0.188007 
0.762847 0.000000 0.014148 0.064651 0.000003 0.158350 
0.515676 0.039543 0.070443 0.167409 0.066177 0.140751 
0.538501 0.000000 0.040414 0.342280 0.036997 0.041808 
0.406196 0.000000 0.147904 0.287076 0.000006 0.158817 
0.829347 0.000000 0.062889 0.000742 0.000004 0.107018 
0.582825 0.000000 0.076791 0.217815 0.061947 0.060622 
0.530120 0.000000 0.000044 0.194659 0.077667 0.197510 
0.579331 0.000000 0.034905 0.225915 0.000009 0.159840 
0.531339 0.000000 0.033498 0.275638 0.055739 0.103785 
0.852898 0.000000 0.042581 0.000105 0.000002 0.104413 
0.668458 0.000000 0.023940 0.079255 0.000006 0.228341 
0.555789 0.000000 0.050010 0.152867 0.137136 0.104199 
0.438181 0.000000 0.047691 0.349158 0.049930 0.115040 
0.819491 0.000000 0.036798 0.000188 0.000003 0.143520 
0.372046 0.023332 0.021946 0.168161 0.049520 0.364996 
0.368074 0.000000 0.012723 0.421906 0.062409 0.134888 
0.082258 0.000000 0.037167 0.410854 0.067976 0.401746 
0.128734 0.066989 0.048056 0.560545 0.090206 0.105471 
0.318153 0.000000 0.031279 0.368171 0.046449 0.235948 
0.261396 0.000000 0.027520 0.312364 0.054812 0.343908 
0.280073 0.000000 0.046529 0.176054 0.231966 0.265377 
0.505248 0.026818 0.035591 0.284420 0.089265 0.058658 
0.467046 0.000000 0.031826 0.281749 0.000002 0.219377 
0.330708 0.061916 0.043357 0.364443 0.065277 0.134300 
0.578598 0.000000 0.098417 0.211565 0.035705 0.075716 
0.461516 0.035953 0.050812 0.390008 0.000007 0.061705 
0.000056 0.000000 0.000779 0.000174 0.681468 0.317523 
0.569357 0.000000 0.109262 0.230693 0.000006 0.090683 
0.934311 0.000000 0.007537 0.030920 0.000003 0.027229 
0.882712 0.009364 0.010009 0.094537 0.000008 0.003370 
0.982814 0.000000 0.008505 0.000240 0.000002 0.008439 
0.969638 0.004217 0.007847 0.004111 0.000002 0.014185 
0.930640 0.000000 0.002860 0.059877 0.000003 0.006620 
0.842743 0.000000 0.029904 0.017389 0.000002 0.109962 
0.167358 0.000000 0.016251 0.024911 0.053352 0.738128 
0.286007 0.000000 0.013728 0.033173 0.049059 0.618033 
0.807323 0.018773 0.017199 0.117040 0.000007 0.039659 
0.747094 0.000000 0.034663 0.141991 0.000007 0.076245 
0.659643 0.022744 0.073787 0.101900 0.000004 0.141921 
0.021314 0.006797 0.005523 0.000743 0.645894 0.319729 
0.020158 0.005502 0.005266 0.000950 0.636552 0.331573 
0.052744 0.015704 0.000040 0.113297 0.007673 0.810542 
0.048593 0.016256 0.000041 0.130749 0.007833 0.796529 
0.076052 0.022404 0.000051 0.127639 0.011981 0.761873 
0.081941 0.019590 0.011865 0.044709 0.026929 0.814966 
0.062660 0.002825 0.007129 0.089293 0.048631 0.789463 
0.637088 0.000000 0.028642 0.317618 0.000003 0.016648 
0.535156 0.029487 0.016629 0.383379 0.000006 0.035342 
0.247287 0.000000 0.039091 0.390342 0.183187 0.140092 
0.511510 0.000000 0.029745 0.327528 0.000006 0.131211 
0.467968 0.000000 0.035806 0.444671 0.000008 0.051547 
0.284545 0.000000 0.024033 0.483416 0.040096 0.167910 
0.237876 0.000000 0.000107 0.686510 0.051395 0.024112 
0.371865 0.000000 0.012744 0.380335 0.155117 0.079939 
0.593660 0.000000 0.021624 0.378804 0.000001 0.005911 
0.780730 0.000006 0.143635 0.050086 0.000000 0.025543 
0.763751 0.000014 0.064149 0.122952 0.000000 0.049135 
0.548819 0.048725 0.117949 0.121022 0.045667 0.117817 
0.715616 0.006186 0.158583 0.066700 0.000000 0.052915 
0.605710 0.000008 0.271544 0.069159 0.000000 0.053580 
0.714102 0.015041 0.078315 0.065194 0.020006 0.107341 
0.836720 0.032813 0.040414 0.049322 0.000000 0.040731 
0.604561 0.014052 0.143300 0.140256 0.000000 0.097831 
0.773380 0.000009 0.073245 0.142986 0.000000 0.010381 
0.804051 0.000005 0.077225 0.025841 0.065261 0.027617 
0.111941 0.000009 0.064777 0.269279 0.085942 0.468051 
0.708251 0.027237 0.045576 0.133529 0.000000 0.085407 
0.746032 0.000006 0.085527 0.098904 0.000000 0.069530 
0.701383 0.000012 0.118825 0.134501 0.000000 0.045279 
0.764252 0.022999 0.140097 0.025811 0.000000 0.046842 
0.714346 0.019836 0.052501 0.082291 0.000000 0.131026 
0.721424 0.000011 0.053103 0.100280 0.000000 0.125181 
0.368585 0.000007 0.472137 0.067489 0.024212 0.067570 
0.054630 0.004648 0.033710 0.005536 0.050100 0.851377 
0.744916 0.000007 0.053869 0.132494 0.000000 0.068714 
0.741018 0.000008 0.137254 0.030171 0.000000 0.091550 
0.589925 0.000010 0.071554 0.164821 0.057761 0.115928 
0.818265 0.001186 0.113573 0.037857 0.000000 0.029118 
0.682470 0.000011 0.113643 0.065872 0.033594 0.104411 
0.580213 0.000012 0.305730 0.035485 0.000000 0.078560 
0.635250 0.015303 0.077929 0.200000 0.000000 0.071517 
0.442480 0.059082 0.314823 0.136961 0.000000 0.046654 
0.942807 0.000013 0.038830 0.001929 0.000000 0.016422 
0.885613 0.024211 0.043959 0.025468 0.000000 0.020749 
0.697330 0.043891 0.097250 0.038636 0.000000 0.122893 
0.814420 0.005599 0.054037 0.054060 0.000000 0.071884 
0.811829 0.013750 0.054679 0.022319 0.000000 0.097423 
0.766122 0.000007 0.050875 0.061169 0.000000 0.121827 
0.759124 0.000006 0.143897 0.047164 0.000000 0.049810 
0.858243 0.003330 0.077734 0.037566 0.000000 0.023126 
0.722173 0.024201 0.055684 0.085168 0.000000 0.112774 
0.819763 0.019592 0.058643 0.008653 0.000000 0.093350 
0.360984 0.000009 0.281368 0.093121 0.082393 0.182124 
0.795437 0.012068 0.094009 0.047947 0.000000 0.050539 
0.801608 0.000003 0.073337 0.042696 0.000000 0.082355 
0.797609 0.024575 0.059316 0.066779 0.000000 0.051721 
0.599078 0.000009 0.116247 0.091477 0.071618 0.121573 
0.725791 0.000010 0.117613 0.050281 0.031412 0.074894 
0.556279 0.007607 0.288338 0.012120 0.079320 0.056336 
0.626131 0.000006 0.178365 0.089310 0.041470 0.064716 
0.790355 0.000006 0.067889 0.059847 0.000000 0.081903 
0.759472 0.010252 0.079272 0.017059 0.022300 0.111645 
0.634317 0.021455 0.188712 0.053101 0.026775 0.075640 
0.736033 0.009984 0.088158 0.058590 0.000000 0.107235 
0.758347 0.010034 0.110529 0.041201 0.000000 0.079889 
0.552897 0.000010 0.267243 0.098332 0.000000 0.081517 
0.697254 0.000007 0.242920 0.009549 0.000000 0.050269 
0.778158 0.000043 0.071526 0.065792 0.000000 0.084481 
0.823105 0.017473 0.053401 0.055923 0.033243 0.016854 
0.834839 0.018096 0.073738 0.024993 0.000000 0.048334 
0.680948 0.007780 0.233286 0.025908 0.000000 0.052077 
0.775259 0.000005 0.041384 0.065699 0.040989 0.076663 
0.872116 0.000009 0.041610 0.028006 0.000000 0.058259 
0.720846 0.000007 0.104608 0.079523 0.000000 0.095017 
0.457213 0.007728 0.354143 0.038136 0.063727 0.079054 
0.663127 0.009499 0.160369 0.071196 0.033848 0.061962 
0.034086 0.000007 0.029553 0.006897 0.047649 0.881808 
0.704801 0.013233 0.099295 0.094024 0.000000 0.088647 
0.779983 0.020965 0.080329 0.004196 0.031845 0.082681 
0.776115 0.000988 0.072156 0.037367 0.000000 0.113374 
0.793537 0.038368 0.076531 0.049892 0.000000 0.041672 
0.438371 0.001717 0.414391 0.038917 0.048390 0.058215 
0.772460 0.000010 0.094342 0.042176 0.000000 0.091012 
0.681516 0.029982 0.018599 0.059511 0.043011 0.167381 
0.781868 0.000004 0.048372 0.080296 0.000000 0.089460 
0.618005 0.000010 0.127053 0.036370 0.079525 0.139037 
0.532173 0.013073 0.437230 0.010647 0.000000 0.006878 
0.060402 0.040491 0.727474 0.027898 0.075436 0.068298 
0.531675 0.022850 0.078934 0.160123 0.072497 0.133921 
0.709525 0.009486 0.081761 0.076358 0.000000 0.122870 
0.800809 0.004074 0.101958 0.038953 0.000000 0.054205 
0.386581 0.000011 0.366919 0.111319 0.000000 0.135171 
0.666308 0.000007 0.148676 0.105173 0.000000 0.079836 
0.781788 0.041874 0.055129 0.042196 0.000000 0.079013 
0.686240 0.000006 0.170277 0.064377 0.024220 0.054880 
0.545894 0.006074 0.428128 0.017279 0.000000 0.002625 
0.700959 0.023391 0.194042 0.035377 0.000000 0.046231 
0.640024 0.052330 0.232783 0.029462 0.000000 0.045401 
0.789637 0.000005 0.075402 0.080772 0.000000 0.054184 
0.715488 0.008430 0.141764 0.035528 0.000000 0.098790 
0.730708 0.032036 0.042368 0.110170 0.000000 0.084718 
0.573251 0.000007 0.104828 0.189681 0.045083 0.087149 
0.275357 0.013555 0.072401 0.263543 0.000000 0.375145 
0.772001 0.003986 0.091924 0.112927 0.000000 0.019162 
0.153746 0.007682 0.016130 0.054844 0.000000 0.767599 
0.794508 0.000011 0.062227 0.086479 0.031809 0.024966 
0.715482 0.014780 0.073849 0.158085 0.000000 0.037805 
0.062866 0.000001 0.001692 0.005941 0.918554 0.010946 
0.604580 0.000009 0.103794 0.138883 0.040810 0.111924 
0.524969 0.022938 0.193533 0.101235 0.044784 0.112540 
0.776784 0.000006 0.099786 0.032316 0.000000 0.091108 
0.583946 0.023694 0.140220 0.099082 0.000000 0.153058 
0.642016 0.025007 0.234270 0.029068 0.000000 0.069638 
0.639664 0.000008 0.163687 0.139401 0.000000 0.057240 
0.625819 0.000006 0.150746 0.141918 0.000000 0.081512 
0.693826 0.050188 0.086928 0.075752 0.000000 0.093305 
0.834801 0.010110 0.081485 0.034730 0.000000 0.038875 
0.587542 0.024430 0.158641 0.134313 0.036396 0.058678 
0.517708 0.025773 0.296480 0.094713 0.000000 0.065326 
0.764923 0.023057 0.045217 0.078954 0.000000 0.087849 
0.727884 0.026931 0.130098 0.042448 0.000000 0.072639 
0.499961 0.018052 0.175075 0.170166 0.000000 0.136745 
0.741393 0.000007 0.095189 0.045314 0.044863 0.073234 
0.613853 0.000007 0.147203 0.081233 0.046049 0.111656 
0.685159 0.022341 0.039581 0.118897 0.031292 0.102729 
0.727443 0.003551 0.081760 0.128377 0.000000 0.058869 
0.883374 0.000006 0.048511 0.017861 0.000000 0.050248 
0.428200 0.000004 0.378622 0.080648 0.039836 0.072689 
0.325850 0.024547 0.468993 0.079497 0.000000 0.101114 
0.567108 0.021779 0.156911 0.064037 0.050192 0.139972 
0.631328 0.000009 0.117020 0.106306 0.085544 0.059793 
0.876177 0.003844 0.077133 0.016683 0.000000 0.026162 
0.712648 0.000006 0.108917 0.094049 0.000000 0.084380 
0.671036 0.000008 0.080991 0.129922 0.000000 0.118043 
0.433082 0.029654 0.415566 0.028853 0.040529 0.052316 
0.499968 0.000011 0.241717 0.150882 0.033384 0.074039 
0.322414 0.040442 0.512444 0.042819 0.026330 0.055552 
0.603439 0.028981 0.138754 0.130861 0.000000 0.097964 
0.521549 0.000007 0.230813 0.085131 0.000000 0.162500 
0.282532 0.000009 0.572221 0.067261 0.000000 0.077977 
0.267556 0.033927 0.568614 0.048682 0.000000 0.081221 
0.657420 0.000008 0.279428 0.012929 0.000000 0.050215 
0.424565 0.000011 0.113189 0.169550 0.054298 0.238387 
0.657965 0.000011 0.125876 0.113472 0.000000 0.102675 
0.690682 0.038631 0.065105 0.079425 0.000000 0.126157 
0.763318 0.009785 0.076255 0.061793 0.000000 0.088849 
0.533314 0.000006 0.067936 0.089474 0.087376 0.221895 
0.153271 0.016732 0.729810 0.068642 0.000000 0.031545 
0.758966 0.024846 0.081867 0.053977 0.000000 0.080343 
0.204211 0.010560 0.237224 0.012769 0.000000 0.535235 
0.241733 0.005389 0.733547 0.011123 0.000000 0.008208 
0.462105 0.000011 0.166261 0.214752 0.000000 0.156871 
0.743736 0.008417 0.092460 0.079754 0.000000 0.075634 
0.614778 0.000008 0.247550 0.089585 0.000000 0.048079 
0.772362 0.000004 0.082117 0.060810 0.000000 0.084707 
0.571865 0.000009 0.137712 0.161057 0.000000 0.129357 
0.710047 0.036479 0.151195 0.054421 0.000000 0.047858 
0.744816 0.000010 0.106506 0.095050 0.000000 0.053618 
0.622079 0.009262 0.293581 0.050566 0.000000 0.024512 
0.625472 0.024211 0.160416 0.084995 0.042333 0.062573 
0.709166 0.000012 0.057449 0.051783 0.000000 0.181589 
0.625608 0.000011 0.228250 0.075816 0.000000 0.070315 
0.724383 0.000009 0.055256 0.105090 0.035434 0.079828 
0.258099 0.000003 0.644635 0.044485 0.024525 0.028255 
0.502579 0.000005 0.359268 0.098773 0.000000 0.039374 
0.571072 0.033337 0.139626 0.119232 0.042173 0.094561 
0.692737 0.000010 0.101476 0.082597 0.000000 0.123180 
0.727334 0.000007 0.087251 0.102651 0.000000 0.082757 
0.493666 0.000009 0.171404 0.156503 0.000000 0.178419 
0.671474 0.000008 0.056893 0.151698 0.029799 0.090129 
0.760118 0.051258 0.069775 0.010228 0.000000 0.108621 
0.908403 0.000013 0.027203 0.018517 0.000000 0.045864 
0.496114 0.000007 0.141657 0.153739 0.086540 0.121942 
0.729395 0.025528 0.066189 0.096915 0.000000 0.081973 
0.429210 0.010311 0.309804 0.149896 0.000000 0.100779 
0.433439 0.000007 0.219848 0.135014 0.059534 0.152157 
0.706229 0.000008 0.117347 0.056675 0.000000 0.119741 
0.474911 0.025043 0.272483 0.135532 0.000000 0.092031 
0.539427 0.000010 0.144101 0.077883 0.050776 0.187802 
0.225226 0.030054 0.638450 0.008788 0.059912 0.037570 
0.591719 0.000010 0.217665 0.078180 0.035912 0.076514 
0.173426 0.000002 0.717122 0.098207 0.000000 0.011243 
0.812719 0.010091 0.064605 0.058851 0.000000 0.053734 
0.670985 0.000007 0.128888 0.097315 0.000000 0.102805 
0.539320 0.009887 0.253686 0.130367 0.000000 0.066740 
0.599998 0.000010 0.074255 0.232375 0.000000 0.093361 
0.756731 0.007922 0.099799 0.019063 0.000000 0.116485 
0.766416 0.000014 0.100954 0.030185 0.036982 0.065449 
0.573722 0.011131 0.114243 0.129443 0.000000 0.171461 
0.901109 0.029030 0.058958 0.009507 0.000000 0.001396 
0.180415 0.000010 0.493894 0.165726 0.022807 0.137148 
0.111423 0.000006 0.661235 0.044554 0.064026 0.118757 
0.286459 0.013085 0.054657 0.431098 0.000059 0.214643 
0.068482 0.000007 0.649700 0.059142 0.155933 0.066736 
0.099060 0.014202 0.004544 0.180081 0.010544 0.691569 
0.052187 0.010995 0.678709 0.130741 0.096900 0.030467 
0.051797 0.000006 0.625752 0.038502 0.016285 0.267658 
0.085589 0.066687 0.692620 0.072522 0.035559 0.047022 
0.060352 0.000007 0.696059 0.100428 0.031668 0.111487 
0.075583 0.033023 0.669972 0.041130 0.031445 0.148846 
0.035292 0.000006 0.685783 0.139698 0.037177 0.102044 
0.001793 0.000007 0.850032 0.000963 0.022007 0.125199 
0.224928 0.000010 0.517970 0.049800 0.043112 0.164179 
0.075611 0.081348 0.508161 0.046183 0.000272 0.288424 
0.071673 0.015819 0.018758 0.008891 0.019608 0.865250 
0.040361 0.000005 0.898139 0.009093 0.019901 0.032500 
0.014045 0.072421 0.011438 0.838487 0.003067 0.060541 
0.086503 0.025519 0.023037 0.134510 0.020177 0.710253 
0.059118 0.009113 0.004922 0.043203 0.019213 0.864431 
0.040950 0.083513 0.063817 0.727903 0.000206 0.083611 
0.072719 0.111205 0.480919 0.188678 0.026560 0.119920 
0.037821 0.009729 0.004375 0.145817 0.019578 0.782680 
0.297063 0.014950 0.262085 0.190776 0.069158 0.165969 
0.034951 0.004724 0.003521 0.067717 0.018135 0.870952 
0.295728 0.000008 0.161222 0.269537 0.073727 0.199778 
0.170639 0.000011 0.031981 0.129744 0.535999 0.131625 
0.292632 0.034126 0.098706 0.197652 0.235480 0.141404 
0.146556 0.044201 0.224765 0.391191 0.000196 0.193092 
0.036558 0.019506 0.000003 0.018455 0.014445 0.911033 
0.000134 0.000464 0.000002 0.266207 0.044911 0.688283 
0.013658 0.022611 0.000008 0.001160 0.014573 0.947990 
0.025723 0.015800 0.011583 0.005340 0.015085 0.926469 
0.010392 0.009688 0.000006 0.008908 0.020999 0.950009 
0.131864 0.001705 0.083067 0.318004 0.101746 0.363614 
0.100274 0.004259 0.030128 0.154587 0.162198 0.548556 
0.002496 0.027077 0.000010 0.134786 0.010150 0.825480 
0.002989 0.006998 0.001562 0.067124 0.001687 0.919640 
0.000450 0.016144 0.002900 0.149255 0.004645 0.826606 
0.064221 0.045907 0.005051 0.233548 0.038207 0.613066 
0.091928 0.029702 0.003564 0.308532 0.036440 0.529834 
0.100085 0.015313 0.013565 0.347946 0.099129 0.423961 
0.097481 0.028443 0.058053 0.486005 0.086127 0.243891 
0.017232 0.000001 0.001930 0.097456 0.044022 0.839359 
0.033146 0.000000 0.001422 0.075438 0.037851 0.852143 
0.015503 0.000001 0.003064 0.102591 0.040034 0.838806 
0.009041 0.000000 0.001665 0.071237 0.043138 0.874919 
0.045489 0.004605 0.000001 0.000010 0.038091 0.911805 
0.028764 0.028467 0.000001 0.042508 0.021156 0.879105 
0.018142 0.017232 0.000000 0.000003 0.035808 0.928815 
0.001619 0.010185 0.006826 0.023062 0.028318 0.929990 
0.000032 0.018396 0.001030 0.024021 0.032457 0.924064 
0.000255 0.018782 0.001124 0.024463 0.030134 0.925242 
0.000043 0.010039 0.000001 0.046570 0.025675 0.917672 
0.088541 0.000002 0.011467 0.000008 0.042757 0.857227 
0.696614 0.037138 0.035342 0.061996 0.000015 0.168894 
0.125686 0.010950 0.012678 0.055160 0.026829 0.768697 
0.407526 0.012778 0.083532 0.313454 0.000026 0.182683 
0.004804 0.017046 0.000001 0.005343 0.018612 0.954194 
0.290318 0.045644 0.075087 0.056179 0.283696 0.249075 
0.332064 0.000000 0.056693 0.000014 0.376049 0.235180 
0.011823 0.002361 0.004057 0.066167 0.036924 0.878669 
0.050341 0.008875 0.010080 0.488360 0.000014 0.442330 
0.008513 0.000001 0.015567 0.003990 0.016119 0.955810 
0.327241 0.000003 0.107944 0.279620 0.056724 0.228468 
0.000086 0.000002 0.000002 0.181539 0.044588 0.773784 
0.927824 0.000002 0.000001 0.000007 0.000013 0.072153 
0.990001 0.004928 0.000000 0.000001 0.000007 0.005063 
0.022696 0.007532 0.022997 0.005834 0.000026 0.940914 
0.984785 0.004051 0.000000 0.000001 0.000010 0.011152 
0.006612 0.014443 0.004538 0.000004 0.005981 0.968423 
0.008349 0.007458 0.003800 0.000002 0.009789 0.970602 
0.001498 0.019899 0.000000 0.000004 0.021304 0.957294 
0.084655 0.032213 0.049635 0.431388 0.140050 0.262058 
0.014363 0.000014 0.135709 0.015299 0.825303 0.009311 
0.004523 0.010170 0.009744 0.021848 0.948396 0.005318 
0.021795 0.000014 0.002905 0.015795 0.951849 0.007643 
0.012930 0.000011 0.004665 0.025337 0.949727 0.007329 
0.138627 0.000029 0.000604 0.030325 0.794301 0.036114 
0.017120 0.001996 0.015774 0.055287 0.892701 0.017123 
0.021049 0.000020 0.008088 0.004944 0.940414 0.025485 
0.017690 0.007048 0.005941 0.066426 0.888030 0.014866 
0.014431 0.010428 0.008406 0.076272 0.872285 0.018179 
0.050033 0.000015 0.002918 0.069487 0.863735 0.013812 
0.018043 0.004620 0.011565 0.034717 0.915112 0.015941 
0.018853 0.004918 0.011309 0.034988 0.910413 0.019518 
0.021593 0.004821 0.011239 0.035616 0.911492 0.015239 
0.019605 0.004792 0.011245 0.033917 0.911801 0.018641 
0.021790 0.000011 0.008057 0.033156 0.919538 0.017448 
0.013508 0.000008 0.010055 0.036680 0.930152 0.009597 
0.014929 0.000008 0.013221 0.037290 0.920507 0.014044 
0.020077 0.011845 0.007340 0.043032 0.900311 0.017396 
0.032198 0.013674 0.014146 0.043554 0.877850 0.018577 
0.018175 0.009371 0.019300 0.045783 0.887904 0.019465 
0.014867 0.009406 0.017858 0.046195 0.894895 0.016779 
0.014971 0.003379 0.005816 0.028216 0.940824 0.006794 
0.019425 0.003483 0.005723 0.027425 0.936522 0.007421 
0.017398 0.004509 0.006037 0.026601 0.938950 0.006504 
0.017936 0.003062 0.006003 0.027553 0.937694 0.007752 
0.021003 0.012176 0.010368 0.049425 0.892955 0.014073 
0.013541 0.017553 0.006736 0.086972 0.856664 0.018534 
0.022118 0.011644 0.009265 0.072252 0.871402 0.013320 
0.027097 0.000002 0.008712 0.029357 0.817572 0.117260 
0.076965 0.000008 0.008020 0.112554 0.643275 0.159178 
0.031130 0.000022 0.026037 0.176219 0.766030 0.000562 
0.000467 0.000009 0.003149 0.035867 0.952805 0.007702 
0.066642 0.000055 0.033633 0.077004 0.738524 0.084143 
0.085764 0.024278 0.007469 0.079485 0.798156 0.004849 
0.024502 0.000007 0.002020 0.014599 0.951317 0.007555 
0.059404 0.000019 0.002558 0.060479 0.867430 0.010111 
0.004844 0.012431 0.005810 0.033421 0.936210 0.007284 
0.020704 0.000015 0.000719 0.010837 0.966438 0.001287 
0.102411 0.004695 0.014812 0.029915 0.821101 0.027066 
0.006124 0.004491 0.006483 0.009560 0.967301 0.006040 
0.125246 0.016455 0.006385 0.024329 0.817138 0.010447 
0.016158 0.003341 0.006376 0.002887 0.970674 0.000564 
0.045849 0.000037 0.012989 0.042393 0.870285 0.028447 
0.062450 0.000025 0.013020 0.112009 0.777137 0.035360 
0.107222 0.004931 0.005331 0.046126 0.793368 0.043023 
0.006396 0.001850 0.000195 0.022943 0.964514 0.004103 
0.027733 0.000016 0.307216 0.022296 0.617944 0.024796 
0.054019 0.000006 0.082336 0.105391 0.708834 0.049414 
0.069900 0.000016 0.008044 0.003726 0.862922 0.055391 
0.011653 0.001493 0.007526 0.011388 0.962129 0.005811 
0.002238 0.002916 0.022664 0.003435 0.960033 0.008714 
0.015619 0.002884 0.014390 0.033241 0.918003 0.015863 
0.014098 0.000012 0.002073 0.012576 0.962612 0.008628 
0.014304 0.007782 0.009821 0.036314 0.921791 0.009987 
0.020829 0.000021 0.007529 0.040002 0.925866 0.005753 
0.028758 0.005683 0.007936 0.039139 0.901732 0.016754 
0.009872 0.007476 0.000405 0.030425 0.933506 0.018316 
0.047270 0.004258 0.007513 0.023020 0.896402 0.021537 
0.041349 0.005292 0.011597 0.038809 0.895789 0.007165 
0.079137 0.013633 0.010143 0.054342 0.831060 0.011685 
0.024999 0.005854 0.041741 0.047878 0.697351 0.182176 
0.050583 0.002508 0.011911 0.041905 0.865136 0.027957 
0.062395 0.002036 0.005834 0.064741 0.851053 0.013941 
0.018773 0.000006 0.007067 0.024752 0.925843 0.023558 
0.049194 0.000005 0.007808 0.032969 0.711540 0.198485 
0.009213 0.003477 0.004684 0.002475 0.976160 0.003991 
0.033418 0.005450 0.004427 0.024357 0.922414 0.009933 
0.042577 0.000008 0.039350 0.037527 0.848467 0.032070 
0.030725 0.004577 0.009173 0.009934 0.942257 0.003334 
0.046097 0.000008 0.036493 0.029784 0.862179 0.025440 
0.043032 0.001569 0.010184 0.033051 0.899479 0.012686 
0.052240 0.007573 0.000226 0.038457 0.815186 0.086318 
0.026352 0.000006 0.029022 0.037461 0.896742 0.010415 
0.061974 0.000014 0.010302 0.038337 0.855234 0.034139 
0.038294 0.014472 0.008016 0.054902 0.688459 0.195858 
0.026576 0.005046 0.044286 0.038535 0.868558 0.016999 
0.037907 0.000017 0.059074 0.037914 0.822644 0.042444 
0.012922 0.000003 0.232279 0.007312 0.746687 0.000799 
0.044797 0.005681 0.002125 0.047167 0.870708 0.029521 
0.558260 0.000023 0.216585 0.009748 0.133699 0.081685 
0.038846 0.000006 0.027511 0.042883 0.880592 0.010161 
0.031330 0.007998 0.013103 0.033006 0.905670 0.008893 
0.021753 0.007313 0.083539 0.042159 0.819974 0.025261 
0.027919 0.014335 0.005073 0.017135 0.916884 0.018654 
0.071282 0.000015 0.039807 0.049232 0.823482 0.016183 
0.014256 0.005293 0.005352 0.017168 0.946560 0.011371 
0.037810 0.004151 0.011848 0.044676 0.889983 0.011532 
0.055978 0.006696 0.014230 0.039505 0.845552 0.038039 
0.024366 0.007616 0.070786 0.021446 0.854132 0.021654 
0.026385 0.004199 0.017077 0.030081 0.914730 0.007528 
0.023917 0.003432 0.014145 0.024131 0.926086 0.008289 
0.027721 0.009778 0.038166 0.009619 0.906747 0.007970 
0.003637 0.000044 0.000506 0.007077 0.986434 0.002302 
0.058094 0.000028 0.005084 0.064045 0.870001 0.002748 
0.006439 0.008717 0.011515 0.043864 0.911703 0.017762 
0.015285 0.000009 0.000186 0.043401 0.927365 0.013753 
0.011755 0.000027 0.001522 0.068882 0.892867 0.024947 
0.007088 0.000021 0.001635 0.011553 0.851820 0.127885 
0.010618 0.000053 0.012587 0.049383 0.838333 0.089025 
0.020215 0.000063 0.016025 0.114048 0.775621 0.074027 
0.079672 0.000056 0.023736 0.064509 0.756508 0.075520 
0.089421 0.008168 0.009824 0.051784 0.799682 0.041120 
0.039107 0.000045 0.006568 0.051238 0.860146 0.042897 
0.069826 0.000043 0.007027 0.118170 0.775566 0.029367 
0.028744 0.000037 0.035568 0.066346 0.849722 0.019584 
0.003420 0.000008 0.003000 0.005503 0.848234 0.139835 
0.054103 0.000007 0.002661 0.039354 0.898566 0.005308 
0.048433 0.000007 0.006121 0.030974 0.904717 0.009748 
0.088374 0.010524 0.013734 0.096612 0.728153 0.062603 
0.087954 0.000038 0.016204 0.048792 0.760873 0.086139 
0.033696 0.004535 0.005528 0.033421 0.887780 0.035040 
0.081708 0.070246 0.023536 0.007927 0.795841 0.020741 
0.031385 0.000017 0.025025 0.030867 0.860888 0.051818 
0.033605 0.000017 0.006221 0.026640 0.908352 0.025166 
0.038052 0.000015 0.011903 0.027522 0.894789 0.027718 
0.145046 0.069024 0.030540 0.038508 0.691262 0.025620 
0.012584 0.012913 0.010836 0.056018 0.878393 0.029256 
0.009473 0.010704 0.008304 0.043391 0.923449 0.004679 
0.038761 0.016435 0.002304 0.027655 0.902434 0.012413 
0.019252 0.000020 0.021691 0.030008 0.890518 0.038511 
0.074363 0.007763 0.013456 0.082559 0.761303 0.060556 
0.048444 0.013112 0.054319 0.313432 0.393301 0.177392 
0.034693 0.000023 0.014255 0.046577 0.881433 0.023019 
0.130604 0.000027 0.021142 0.149579 0.551615 0.147032 
0.044773 0.017098 0.006278 0.130438 0.758960 0.042453 
0.007528 0.004294 0.000975 0.007774 0.969280 0.010149 
0.028021 0.006830 0.000178 0.020299 0.914051 0.030621 
0.036281 0.000005 0.001479 0.021795 0.936001 0.004440 
0.017311 0.007196 0.008866 0.025589 0.933136 0.007902 
0.026965 0.006617 0.007700 0.014384 0.943207 0.001127 
0.027457 0.007734 0.012493 0.024296 0.913008 0.015011 
0.013034 0.000040 0.002919 0.063259 0.914439 0.006308 
0.024852 0.000016 0.005183 0.033150 0.916683 0.020116 
0.046108 0.000015 0.013417 0.023137 0.887784 0.029539 
0.026776 0.000014 0.001345 0.031634 0.932386 0.007844 
0.012369 0.000025 0.003703 0.084404 0.880594 0.018905 
0.012736 0.004717 0.003079 0.028744 0.946219 0.004505 
0.011554 0.003260 0.004105 0.012252 0.960948 0.007880 
0.021716 0.002859 0.000086 0.022637 0.940526 0.012176 
0.017856 0.000010 0.003647 0.058047 0.909524 0.010916 
0.002650 0.000012 0.004052 0.025767 0.936565 0.030955 
0.031237 0.000006 0.006774 0.026732 0.917114 0.018138 
0.038144 0.012214 0.022877 0.319296 0.496311 0.111158 
0.026525 0.000007 0.002428 0.016255 0.944773 0.010011 
0.117385 0.000016 0.029334 0.063731 0.767536 0.021998 
0.011903 0.000013 0.018778 0.004984 0.927372 0.036950 
0.023658 0.011178 0.008472 0.067201 0.888589 0.000902 
0.004003 0.025458 0.006853 0.050149 0.910233 0.003304 
0.009216 0.005751 0.003655 0.033631 0.934974 0.012774 
0.017035 0.008914 0.027752 0.073256 0.856985 0.016057 
0.009772 0.014836 0.017924 0.027181 0.896663 0.033624 
0.017548 0.000032 0.013250 0.041626 0.908743 0.018800 
0.042168 0.000041 0.006717 0.071473 0.850288 0.029313 
0.068624 0.000022 0.004621 0.033285 0.868187 0.025260 
0.026036 0.002881 0.007474 0.018066 0.925158 0.020386 
0.037333 0.011987 0.020403 0.006015 0.888216 0.036045 
0.023097 0.000021 0.006288 0.052796 0.906672 0.011126 
0.002477 0.000023 0.000478 0.035458 0.950338 0.011225 
0.013928 0.003767 0.023733 0.013960 0.924156 0.020456 
0.036676 0.000032 0.019875 0.091631 0.819439 0.032347 
0.024036 0.000019 0.011403 0.035027 0.914462 0.015053 
0.011586 0.006554 0.001224 0.021089 0.945838 0.013709 
0.017665 0.000012 0.006539 0.035093 0.912620 0.028071 
0.019442 0.000023 0.008154 0.046079 0.899678 0.026624 
0.036294 0.007026 0.000897 0.035403 0.881634 0.038747 
0.028927 0.016892 0.011932 0.042994 0.873823 0.025431 
0.030582 0.000021 0.047111 0.102312 0.799920 0.020053 
0.007257 0.000030 0.014744 0.025713 0.939368 0.012887 
0.046823 0.002890 0.060083 0.104396 0.714138 0.071670 
0.025734 0.011021 0.005822 0.034284 0.914727 0.008413 
0.018753 0.000013 0.004700 0.022906 0.952998 0.000630 
0.034235 0.000027 0.012183 0.017238 0.913972 0.022346 
0.019008 0.000018 0.003890 0.041131 0.926751 0.009203 
0.020725 0.000016 0.014449 0.044163 0.906270 0.014378 
0.037403 0.006712 0.018154 0.034831 0.890717 0.012183 
0.001993 0.000016 0.003326 0.033742 0.951920 0.009003 
0.025676 0.036947 0.000552 0.063309 0.847224 0.026292 
0.009656 0.011972 0.004727 0.024522 0.930084 0.019038 
0.017330 0.004866 0.013144 0.046637 0.900548 0.017475 
0.017099 0.010887 0.003224 0.040374 0.915430 0.012986 
0.018295 0.000012 0.000221 0.022436 0.952878 0.006158 
0.027582 0.000012 0.000627 0.018355 0.929997 0.023427 
0.002486 0.011854 0.005018 0.023645 0.951947 0.005050 
0.054997 0.004179 0.016456 0.065248 0.778486 0.080633 
0.017477 0.000044 0.000428 0.006127 0.960456 0.015469 
0.035437 0.018863 0.028180 0.028623 0.856421 0.032477 
0.034470 0.000045 0.064205 0.080771 0.791961 0.028549 
0.026484 0.000009 0.011200 0.053815 0.896749 0.011744 
0.012547 0.000014 0.006923 0.040323 0.917883 0.022310 
0.035970 0.000015 0.028221 0.055399 0.843738 0.036656 
0.022783 0.000028 0.019224 0.026723 0.909630 0.021612 
0.021053 0.000014 0.005109 0.065287 0.893870 0.014668 
0.000521 0.074237 0.001172 0.321021 0.602912 0.000137 
0.008278 0.000009 0.010837 0.024868 0.944272 0.011736 
0.011503 0.000021 0.010828 0.046855 0.906613 0.024180 
0.013470 0.007670 0.004815 0.036888 0.930130 0.007027 
0.022526 0.000028 0.000262 0.021207 0.944454 0.011523 
0.030675 0.000021 0.000719 0.054187 0.894300 0.020098 
0.010032 0.000015 0.006406 0.062913 0.915303 0.005331 
0.044588 0.018632 0.009337 0.020607 0.880753 0.026081 
0.028444 0.000052 0.033291 0.076473 0.843317 0.018423 
0.018007 0.011191 0.010730 0.050080 0.879684 0.030308 
0.047508 0.000044 0.001465 0.056845 0.859254 0.034885 
0.057294 0.013924 0.015372 0.054081 0.781570 0.077759 
0.005710 0.001447 0.000206 0.016360 0.969764 0.006513 
0.024256 0.005629 0.012758 0.068451 0.885837 0.003070 
0.029415 0.000014 0.000329 0.043450 0.908936 0.017856 
0.048789 0.000032 0.032122 0.089793 0.804083 0.025181 
0.005328 0.000036 0.000880 0.013288 0.967443 0.013025 
0.037357 0.000020 0.009234 0.037421 0.890833 0.025135 
0.011454 0.011435 0.026804 0.075387 0.865093 0.009826 
0.011658 0.003634 0.006582 0.024312 0.944475 0.009340 
0.008093 0.000017 0.004614 0.018229 0.961902 0.007144 
0.011810 0.002044 0.008412 0.086658 0.865855 0.025221 
0.006179 0.013116 0.008759 0.007761 0.956994 0.007192 
0.020644 0.000030 0.002225 0.050408 0.884398 0.042295 
0.011780 0.000021 0.008349 0.079497 0.886034 0.014319 
0.045009 0.000018 0.008422 0.045277 0.876633 0.024639 
0.014081 0.008740 0.013949 0.070966 0.874342 0.017921 
0.089178 0.000049 0.043483 0.137414 0.661816 0.068060 
0.005438 0.000023 0.033110 0.053617 0.897823 0.009989 
0.019794 0.000034 0.007309 0.053702 0.886441 0.032720 
0.062079 0.037293 0.006796 0.094951 0.764460 0.034421 
0.030588 0.006557 0.007783 0.018549 0.897932 0.038592 
0.009007 0.000011 0.018087 0.058785 0.900956 0.013155 
0.043212 0.000017 0.005187 0.018919 0.916327 0.016338 
0.020845 0.002540 0.002687 0.038756 0.887686 0.047486 
0.010794 0.000499 0.012933 0.046923 0.923809 0.005042 
0.003187 0.012834 0.003699 0.032773 0.922890 0.024617 
0.024291 0.011320 0.000234 0.022930 0.926265 0.014961 
0.829697 0.037541 0.009193 0.010353 0.079980 0.033236 
0.024762 0.010874 0.009145 0.046211 0.899947 0.009061 
0.043955 0.004483 0.004980 0.021074 0.918033 0.007476 
0.032179 0.006473 0.000284 0.073690 0.860833 0.026541 
0.001985 0.000018 0.005080 0.064859 0.920078 0.007980 
0.020590 0.000020 0.004335 0.016007 0.924610 0.034438 
0.011289 0.001374 0.004123 0.026085 0.948133 0.008995 
0.009504 0.004159 0.006526 0.011569 0.967387 0.000856 
0.038432 0.000040 0.001150 0.083512 0.871327 0.005538 
0.052805 0.000051 0.001223 0.052355 0.871157 0.022409 
0.014628 0.000007 0.003424 0.026418 0.940515 0.015007 
0.005114 0.003500 0.003230 0.017465 0.969475 0.001216 
0.030012 0.000021 0.013647 0.052037 0.897341 0.006942 
0.016747 0.000023 0.013412 0.034672 0.908351 0.026794 
0.032713 0.000023 0.014221 0.039478 0.902546 0.011019 
0.018409 0.009974 0.004247 0.026326 0.924377 0.016667 
0.012762 0.000008 0.010797 0.050969 0.921817 0.003647 
0.017274 0.000007 0.010942 0.049923 0.899443 0.022411 
0.007140 0.000024 0.018232 0.067415 0.863410 0.043780 
0.010583 0.000025 0.005108 0.057982 0.909197 0.017105 
0.028756 0.006680 0.000160 0.045360 0.913416 0.005629 
0.013566 0.000027 0.001106 0.029256 0.903522 0.052523 
0.003034 0.000025 0.000802 0.028575 0.945107 0.022456 
0.008354 0.005523 0.000485 0.054530 0.927359 0.003748 
0.009976 0.012140 0.005281 0.021810 0.949171 0.001622 
0.034471 0.000023 0.019928 0.036619 0.902443 0.006516 
0.046193 0.001528 0.020082 0.010485 0.910442 0.011272 
0.013708 0.004269 0.002177 0.027200 0.933748 0.018899 
0.000849 0.003738 0.006883 0.065354 0.920042 0.003134 
0.039434 0.000052 0.016340 0.053167 0.882025 0.008982 
0.021835 0.014884 0.003405 0.012704 0.926098 0.021074 
0.051562 0.000026 0.015150 0.033402 0.870628 0.029233 
0.022450 0.005277 0.003274 0.035990 0.925707 0.007301 
0.011282 0.000027 0.000263 0.034584 0.938841 0.015003 
0.013633 0.007346 0.006492 0.034055 0.922474 0.016000 
0.030595 0.000020 0.009294 0.046061 0.901601 0.012428 
0.017788 0.013240 0.053321 0.035714 0.822441 0.057496 
0.012203 0.000011 0.004221 0.020349 0.931322 0.031894 
0.008385 0.006105 0.005332 0.045434 0.926188 0.008555 
0.013559 0.012111 0.010317 0.059066 0.884689 0.020259 
0.009609 0.003863 0.010812 0.063081 0.899638 0.012998 
0.007975 0.006552 0.007970 0.018396 0.953065 0.006041 
0.008991 0.000015 0.024660 0.096050 0.855496 0.014788 
0.009033 0.001356 0.005388 0.035749 0.942543 0.005931 
0.000820 0.007917 0.009086 0.030613 0.950742 0.000822 
0.013940 0.000080 0.007179 0.038376 0.920889 0.019537 
0.032911 0.000020 0.009332 0.028756 0.913163 0.015818 
0.019051 0.004837 0.002570 0.023169 0.929613 0.020760 
0.071171 0.000031 0.035540 0.079292 0.779646 0.034319 
0.005392 0.008310 0.001893 0.006200 0.976550 0.001655 
0.014205 0.002581 0.003111 0.007077 0.965114 0.007912 
0.009263 0.006197 0.005103 0.046234 0.930899 0.002305 
0.009483 0.013815 0.006088 0.032133 0.934094 0.004387 
0.012930 0.004599 0.000144 0.019825 0.961980 0.000522 
0.021086 0.000010 0.015950 0.518549 0.437879 0.006526 
0.028068 0.001053 0.000337 0.034401 0.925041 0.011100 
0.024969 0.000030 0.006081 0.046471 0.908953 0.013497 
0.009110 0.000009 0.004552 0.020304 0.954076 0.011949 
0.018049 0.004981 0.015236 0.040752 0.908030 0.012952 
0.025780 0.002348 0.004969 0.014253 0.949118 0.003532 
0.007668 0.000024 0.001138 0.031577 0.935291 0.024303 
0.007645 0.047479 0.032408 0.096118 0.720722 0.095626 
0.027590 0.008223 0.006153 0.046512 0.900921 0.010601 
0.026203 0.000013 0.002344 0.051564 0.824396 0.095480 
0.026752 0.014399 0.016736 0.063268 0.848942 0.029904 
0.012182 0.003402 0.004514 0.014437 0.958561 0.006904 
0.041080 0.024433 0.012248 0.049448 0.841721 0.031070 
0.004410 0.007149 0.006248 0.029368 0.950488 0.002337 
0.033987 0.000014 0.021083 0.068997 0.848371 0.027548 
0.007734 0.006275 0.004386 0.053270 0.922494 0.005841 
0.024886 0.000010 0.009448 0.031865 0.917622 0.016169 
0.005818 0.003414 0.000649 0.042631 0.896016 0.051472 
0.028478 0.000014 0.007360 0.040149 0.904191 0.019809 
0.012329 0.000022 0.009029 0.058700 0.907653 0.012268 
0.003050 0.000028 0.005020 0.020571 0.967914 0.003416 
0.015236 0.000034 0.022329 0.037940 0.902150 0.022312 
0.066531 0.009298 0.038058 0.089322 0.774640 0.022150 
0.033566 0.003600 0.000202 0.045734 0.916408 0.000490 
0.023250 0.017332 0.005893 0.072770 0.847655 0.033100 
0.071716 0.000026 0.000400 0.036756 0.849855 0.041246 
0.026672 0.000015 0.012310 0.040970 0.879402 0.040629 
0.008693 0.000013 0.003648 0.047341 0.921428 0.018877 
0.030698 0.006626 0.000912 0.036737 0.912089 0.012937 
0.719154 0.004039 0.011003 0.012372 0.244238 0.009194 
0.040786 0.000035 0.014032 0.064716 0.807116 0.073314 
0.015024 0.000016 0.020571 0.027972 0.915293 0.021123 
0.013511 0.000043 0.112635 0.133586 0.738114 0.002112 
0.023192 0.000025 0.017385 0.036313 0.920126 0.002959 
0.006216 0.002283 0.000429 0.004359 0.954476 0.032237 
0.003607 0.003874 0.008100 0.029858 0.853791 0.100771 
0.006391 0.006261 0.003916 0.063683 0.903220 0.016529 
0.010583 0.003804 0.012901 0.033054 0.926206 0.013451 
0.072534 0.000026 0.015296 0.016610 0.862186 0.033347 
0.033276 0.000057 0.001092 0.035226 0.853512 0.076837 
0.012311 0.015784 0.001151 0.036470 0.930034 0.004252 
0.018910 0.010798 0.007313 0.026465 0.926972 0.009542 
0.014760 0.000011 0.012630 0.055551 0.901646 0.015402 
0.005060 0.005053 0.016058 0.054461 0.913272 0.006097 
0.033881 0.000033 0.014964 0.024298 0.912711 0.014113 
0.006664 0.000015 0.004597 0.027205 0.947581 0.013937 
0.031364 0.000024 0.019249 0.056667 0.813676 0.079021 
0.027570 0.000011 0.005732 0.030852 0.920763 0.015071 
0.009463 0.000008 0.009229 0.029672 0.944474 0.007155 
0.014545 0.000030 0.011365 0.049086 0.890987 0.033986 
0.008760 0.004207 0.001630 0.027815 0.951137 0.006452 
0.012919 0.000015 0.000433 0.029537 0.927862 0.029234 
0.012162 0.006386 0.003421 0.031710 0.930332 0.015989 
0.032673 0.022460 0.010417 0.031963 0.894143 0.008344 
0.001673 0.002498 0.001579 0.002978 0.991161 0.000111 
0.039799 0.000014 0.018816 0.049145 0.869189 0.023037 
0.028988 0.018784 0.018216 0.025841 0.895788 0.012383 
0.023612 0.000016 0.019051 0.031114 0.910926 0.015282 
0.043523 0.000043 0.001022 0.046542 0.899436 0.009435 
0.001795 0.008065 0.005790 0.016327 0.959634 0.008389 
0.068088 0.000018 0.020381 0.024245 0.845311 0.041958 
0.004317 0.000016 0.027173 0.022968 0.933238 0.012288 
0.070366 0.000038 0.014329 0.074642 0.829293 0.011332 
0.006691 0.005835 0.008243 0.013290 0.964329 0.001611 
0.022300 0.007623 0.036609 0.058115 0.838852 0.036500 
0.035716 0.000031 0.010648 0.061175 0.854701 0.037729 
0.009974 0.006348 0.000371 0.054082 0.925531 0.003694 
0.004838 0.000033 0.000394 0.041239 0.907856 0.045640 
0.017266 0.001999 0.009908 0.015260 0.951628 0.003939 
0.013812 0.004910 0.018592 0.029735 0.916688 0.016263 
0.002486 0.005345 0.000150 0.022752 0.953057 0.016210 
0.027139 0.007210 0.005004 0.040339 0.915366 0.004941 
0.019721 0.007545 0.008560 0.013927 0.940886 0.009361 
0.008791 0.000007 0.006445 0.055590 0.907069 0.022097 
0.098206 0.029780 0.006676 0.091242 0.736511 0.037584 
0.013309 0.007880 0.007311 0.012187 0.958614 0.000699 
0.039625 0.000011 0.007180 0.061352 0.886604 0.005228 
0.022376 0.000065 0.000437 0.038039 0.937644 0.001438 
0.039790 0.026538 0.031509 0.034822 0.861720 0.005622 
0.015156 0.000018 0.011079 0.016492 0.952721 0.004534 
0.019781 0.025651 0.004840 0.026751 0.917476 0.005501 
0.036670 0.000015 0.004468 0.037281 0.914683 0.006883 
0.023011 0.017789 0.006680 0.108417 0.841131 0.002972 
0.006782 0.000022 0.010183 0.047439 0.928149 0.007424 
0.013597 0.004597 0.003557 0.015286 0.934245 0.028718 
0.006939 0.001667 0.000397 0.028820 0.954146 0.008031 
0.004045 0.005798 0.007024 0.038442 0.938236 0.006455 
0.010597 0.019428 0.004552 0.065842 0.896217 0.003364 
0.000797 0.005156 0.010908 0.017241 0.958347 0.007551 
0.007672 0.000022 0.006499 0.022481 0.951674 0.011652 
0.013421 0.019340 0.000620 0.049676 0.911693 0.005251 
0.005077 0.012011 0.008230 0.014486 0.956713 0.003483 
0.020014 0.000022 0.013728 0.014501 0.921702 0.030033 
0.000205 0.000848 0.000122 0.084205 0.806593 0.108026 
0.011187 0.018306 0.007879 0.036803 0.899480 0.026345 
0.015814 0.001995 0.038895 0.131756 0.704332 0.107208 
0.010036 0.010298 0.009988 0.027133 0.940232 0.002313 
0.018642 0.007649 0.000472 0.058458 0.856187 0.058591 
0.004791 0.009952 0.003901 0.015069 0.964766 0.001521 
0.016582 0.013708 0.010955 0.038106 0.907999 0.012651 
0.027084 0.000038 0.005948 0.050158 0.894724 0.022048 
0.030043 0.000029 0.014729 0.028273 0.914453 0.012473 
0.023631 0.000009 0.011210 0.041790 0.921668 0.001692 
0.027313 0.013299 0.010579 0.054967 0.884730 0.009112 
0.037343 0.005632 0.016801 0.060516 0.858609 0.021099 
0.038727 0.000023 0.008226 0.042027 0.907068 0.003929 
0.026821 0.015930 0.012307 0.065519 0.863756 0.015666 
0.019973 0.000013 0.003204 0.041527 0.907601 0.027682 
0.008547 0.002052 0.001378 0.025542 0.947710 0.014770 
0.008110 0.002446 0.001926 0.018933 0.968147 0.000438 
0.013859 0.001083 0.001223 0.021356 0.957968 0.004511 
0.019568 0.000020 0.007104 0.050429 0.907041 0.015837 
0.049168 0.013896 0.013310 0.088636 0.828115 0.006876 
0.003585 0.000059 0.023834 0.031238 0.919177 0.022106 
0.014957 0.000012 0.016404 0.022780 0.915155 0.030692 
0.003473 0.006790 0.009358 0.038505 0.941154 0.000720 
0.013595 0.002083 0.007778 0.032761 0.917813 0.025971 
0.023109 0.010418 0.008243 0.021033 0.916226 0.020971 
0.021792 0.005214 0.016533 0.027288 0.861076 0.068097 
0.039022 0.000020 0.000291 0.022990 0.923811 0.013866 
0.002276 0.000015 0.004488 0.036389 0.944236 0.012596 
0.044605 0.002668 0.007116 0.038001 0.896975 0.010635 
0.013413 0.000020 0.029487 0.010238 0.926122 0.020720 
0.031340 0.010316 0.001193 0.017097 0.924886 0.015167 
0.043183 0.012531 0.018109 0.052513 0.853987 0.019677 
0.006732 0.000033 0.001434 0.069640 0.909122 0.013038 
0.001992 0.014390 0.004854 0.018458 0.941583 0.018723 
0.013822 0.010941 0.008677 0.060522 0.902066 0.003972 
0.036204 0.000018 0.009480 0.055474 0.867780 0.031044 
0.007750 0.005829 0.012301 0.048275 0.916730 0.009115 
0.024512 0.012228 0.006741 0.006352 0.916317 0.033851 
0.051305 0.000053 0.030305 0.102812 0.783083 0.032441 
0.046819 0.004143 0.056026 0.034289 0.827949 0.030774 
0.039450 0.023144 0.012599 0.020516 0.897580 0.006711 
0.040445 0.005290 0.010731 0.035743 0.870217 0.037574 
0.614648 0.000031 0.004090 0.004288 0.361065 0.015878 
0.185684 0.000000 0.056358 0.354515 0.091036 0.312407 
0.191241 0.000000 0.087341 0.367235 0.066893 0.287290 
0.201353 0.000000 0.049842 0.366117 0.039209 0.343479 
0.155151 0.000000 0.064802 0.425226 0.048986 0.305835 
0.203047 0.000000 0.056969 0.316850 0.082105 0.341029 
0.125039 0.009355 0.067358 0.389246 0.070102 0.338900 
0.125489 0.000000 0.056542 0.339878 0.114712 0.363379 
0.141612 0.000000 0.053247 0.392039 0.062130 0.350972 
0.119172 0.000000 0.069900 0.367168 0.064913 0.378846 
0.129727 0.000000 0.056680 0.394300 0.076106 0.343187 
0.150247 0.018389 0.078204 0.326807 0.083323 0.343030 
0.175135 0.000000 0.030817 0.390980 0.065702 0.337366 
0.151679 0.009766 0.078100 0.298110 0.077330 0.385015 
0.164958 0.019559 0.022667 0.378609 0.077702 0.336505 
0.108719 0.000000 0.060936 0.377024 0.093686 0.359635 
0.129665 0.000000 0.063401 0.353581 0.090099 0.363254 
0.725338 0.000000 0.054990 0.072541 0.038643 0.108489 
0.756504 0.000000 0.080632 0.098499 0.000187 0.064177 
0.766471 0.000000 0.044070 0.092387 0.000122 0.096950 
0.252661 0.012135 0.055599 0.202136 0.009118 0.468351 
0.764487 0.000000 0.068977 0.086905 0.038875 0.040756 
0.754306 0.000000 0.078310 0.103225 0.000065 0.064094 
0.578527 0.000000 0.238965 0.051762 0.031298 0.099447 
0.461377 0.000000 0.346984 0.080854 0.050406 0.060379 
0.705528 0.000000 0.032759 0.144773 0.056404 0.060536 
0.816043 0.000000 0.058951 0.041494 0.000115 0.083397 
0.696661 0.000000 0.046315 0.092967 0.126189 0.037868 
0.817381 0.000000 0.048569 0.086482 0.018805 0.028764 
0.683243 0.000000 0.024764 0.148813 0.070430 0.072749 
0.882578 0.000000 0.036580 0.034784 0.000077 0.045982 
0.716704 0.026342 0.074680 0.146486 0.000158 0.035631 
0.742649 0.013035 0.107929 0.097784 0.000117 0.038486 
0.693757 0.000000 0.087454 0.146971 0.000161 0.071657 
0.728576 0.000000 0.083364 0.144720 0.000072 0.043267 
0.630506 0.000000 0.115493 0.141574 0.000160 0.112267 
0.561433 0.000000 0.145824 0.197552 0.000151 0.095041 
0.601130 0.000000 0.078732 0.260766 0.000125 0.059248 
0.645880 0.000000 0.053035 0.200497 0.074786 0.025803 
0.716371 0.000000 0.134645 0.086662 0.024633 0.037689 
0.734587 0.000000 0.044554 0.145007 0.000111 0.075741 
0.673168 0.000000 0.076838 0.118778 0.000231 0.130986 
0.602942 0.000000 0.169293 0.124293 0.000203 0.103270 
0.729278 0.000000 0.060881 0.089308 0.032017 0.088516 
0.615208 0.000000 0.059729 0.160039 0.044435 0.120589 
0.797088 0.023817 0.027446 0.066888 0.017010 0.067751 
0.649512 0.000000 0.036688 0.228171 0.000126 0.085503 
0.530511 0.000000 0.100895 0.213983 0.057173 0.097438 
0.681158 0.019530 0.116590 0.112545 0.000111 0.070066 
0.552858 0.000000 0.225663 0.158883 0.000120 0.062476 
0.683004 0.000000 0.054468 0.109361 0.059221 0.093946 
0.720378 0.000000 0.055073 0.153783 0.044677 0.026088 
0.729339 0.000000 0.094117 0.133206 0.000106 0.043232 
0.705163 0.000000 0.042175 0.130763 0.037515 0.084385 
0.730277 0.000000 0.106112 0.051634 0.000166 0.111811 
0.704690 0.000000 0.037671 0.102789 0.059552 0.095298 
0.724352 0.000000 0.076396 0.152763 0.000053 0.046436 
0.629668 0.029808 0.133783 0.114497 0.000149 0.092094 
0.753386 0.000000 0.018710 0.121876 0.069422 0.036606 
0.699992 0.000000 0.079084 0.150235 0.000099 0.070590 
0.769361 0.000000 0.056507 0.079138 0.000084 0.094910 
0.890201 0.006069 0.054351 0.011229 0.000033 0.038116 
0.397483 0.000000 0.451814 0.079245 0.000123 0.071336 
0.623254 0.000000 0.077876 0.169623 0.057373 0.071873 
0.537179 0.000000 0.323447 0.121641 0.000072 0.017660 
0.719764 0.000000 0.071828 0.150377 0.000151 0.057879 
0.827286 0.000000 0.077129 0.036424 0.000213 0.058949 
0.712720 0.000000 0.052203 0.116641 0.069191 0.049245 
0.598026 0.000000 0.081179 0.220171 0.046013 0.054610 
0.467200 0.000000 0.203880 0.195049 0.050150 0.083721 
0.755733 0.000000 0.088142 0.093040 0.000128 0.062958 
0.633453 0.000000 0.102500 0.175090 0.000188 0.088769 
0.790211 0.000000 0.034321 0.110716 0.000142 0.064610 
0.874508 0.016420 0.013770 0.079209 0.000207 0.015886 
0.217489 0.045686 0.057978 0.306225 0.101482 0.271140 
0.063881 0.000000 0.051810 0.326614 0.088614 0.469081 
0.110130 0.000000 0.026550 0.279020 0.072177 0.512123 
0.053491 0.000000 0.035491 0.391105 0.088772 0.431141 
0.079207 0.000000 0.072448 0.399474 0.072732 0.376139 
0.056259 0.000000 0.035020 0.425165 0.088260 0.395295 
0.050298 0.000000 0.036871 0.393056 0.100711 0.419065 
0.046545 0.000000 0.039843 0.413832 0.093560 0.406220 
0.057695 0.000000 0.059449 0.408055 0.056969 0.417831 
0.062681 0.000000 0.034646 0.369264 0.075016 0.458393 
0.108522 0.000000 0.030386 0.386897 0.089665 0.384530 
0.093777 0.000000 0.064876 0.347904 0.060697 0.432746 
0.046341 0.000000 0.041128 0.377256 0.099356 0.435918 
0.054518 0.000000 0.066906 0.366894 0.076374 0.435309 
0.085755 0.000000 0.061464 0.413149 0.097878 0.341754 
0.075824 0.000000 0.043031 0.391855 0.094379 0.394912 
0.067212 0.000000 0.066503 0.384300 0.054247 0.427738 
0.084550 0.000000 0.060884 0.348395 0.087386 0.418785 
0.088654 0.000000 0.043260 0.373661 0.102781 0.391644 
0.035885 0.000000 0.071563 0.394687 0.066307 0.431558 
0.052612 0.000000 0.042303 0.399773 0.071183 0.434129 
0.071706 0.000000 0.033215 0.359088 0.066941 0.469050 
0.049760 0.000000 0.035670 0.465500 0.070243 0.378827 
0.179563 0.000000 0.053777 0.384644 0.084790 0.297226 
0.082113 0.025644 0.000003 0.021392 0.038276 0.832571 
0.059652 0.036089 0.003855 0.039582 0.024096 0.836726 
0.246026 0.000107 0.021566 0.174638 0.094228 0.463436 
0.015301 0.033960 0.000005 0.163005 0.022230 0.765498 
0.012031 0.010564 0.003604 0.004107 0.029621 0.940074 
0.029254 0.001226 0.004829 0.042723 0.030618 0.891349 
0.055349 0.009151 0.008660 0.009492 0.019964 0.897385 
0.000445 0.127962 0.019597 0.763036 0.000926 0.088034 
0.194399 0.000161 0.078707 0.574831 0.023480 0.128423 
0.058222 0.000023 0.037412 0.430697 0.100931 0.372715 
0.950823 0.000109 0.000005 0.006721 0.000069 0.042272 
0.042574 0.000883 0.000002 0.025925 0.020214 0.910402 
0.026715 0.016263 0.000002 0.078825 0.030299 0.847895 
0.004324 0.010967 0.001886 0.080769 0.013570 0.888486 
0.038601 0.024411 0.000002 0.252971 0.014529 0.669486 
0.042271 0.019314 0.003475 0.012613 0.021932 0.900396 
0.031672 0.025528 0.015652 0.027461 0.008704 0.890983 
0.034849 0.014078 0.001065 0.148860 0.030356 0.770792 
0.022855 0.084284 0.031735 0.446433 0.201218 0.213475 
0.008712 0.008632 0.002408 0.003276 0.021663 0.955309 
0.006052 0.023878 0.001721 0.033796 0.032251 0.902302 
0.039935 0.010488 0.003909 0.088110 0.038891 0.818665 
0.014545 0.032005 0.000002 0.126455 0.033142 0.793851 
0.031088 0.000093 0.003258 0.255404 0.009820 0.700338 
0.040532 0.022917 0.000989 0.020499 0.008499 0.906564 
0.150665 0.058586 0.202728 0.394959 0.011965 0.181097 
0.000119 0.008204 0.004566 0.336238 0.035282 0.615590 
0.015421 0.007987 0.003806 0.219097 0.016645 0.737043 
0.000572 0.015026 0.000006 0.080213 0.017033 0.887149 
0.042855 0.012911 0.011260 0.018921 0.022710 0.891343 
0.018117 0.028447 0.001936 0.005408 0.035794 0.910298 
0.040972 0.012560 0.002687 0.330679 0.051814 0.561287 
0.012174 0.093349 0.027071 0.602968 0.000474 0.263965 
0.004536 0.012829 0.000003 0.134637 0.045946 0.802050 
0.022430 0.025288 0.010584 0.048556 0.020726 0.872416 
0.037885 0.021092 0.004128 0.073372 0.025453 0.838071 
0.071190 0.015220 0.037074 0.003667 0.022053 0.850796 
0.017424 0.012760 0.001610 0.083027 0.024615 0.860565 
0.039136 0.017772 0.005113 0.001729 0.022686 0.913565 
0.144915 0.016481 0.038769 0.235491 0.027909 0.536435 
0.045076 0.008760 0.008141 0.044027 0.003547 0.890449 
0.034907 0.012226 0.000003 0.002461 0.027312 0.923090 
0.097965 0.026952 0.024015 0.004219 0.059077 0.787771 
0.024148 0.038589 0.064971 0.534368 0.014885 0.323039 
0.072677 0.008046 0.005683 0.043108 0.020955 0.849530 
0.023024 0.003688 0.008869 0.062065 0.033902 0.868452 
0.044094 0.002085 0.000003 0.139420 0.053947 0.760452 
0.057961 0.005436 0.002152 0.031407 0.007719 0.895324 
0.047039 0.021103 0.000002 0.220040 0.015693 0.696123 
0.038390 0.028119 0.000004 0.049844 0.010255 0.873388 
0.000495 0.102781 0.028035 0.738616 0.022735 0.107339 
0.014090 0.007176 0.003375 0.042879 0.017452 0.915029 
0.001541 0.090279 0.006344 0.877415 0.008983 0.015438 
0.050549 0.010157 0.000002 0.107216 0.037578 0.794498 
0.000014 0.818532 0.001052 0.042273 0.013131 0.124998 
0.018372 0.020023 0.006465 0.018713 0.035620 0.900807 
0.018771 0.199357 0.018012 0.594556 0.075632 0.093673 
0.306987 0.000152 0.212645 0.253216 0.060521 0.166479 
0.033542 0.110673 0.042356 0.448651 0.108400 0.256378 
0.031807 0.021002 0.002721 0.003775 0.007915 0.932781 
0.040344 0.009042 0.001430 0.039920 0.023908 0.885355 
0.066351 0.016908 0.002676 0.028240 0.010563 0.875263 
0.045071 0.000052 0.000004 0.076001 0.012585 0.866286 
0.013840 0.011008 0.012728 0.094998 0.028873 0.838553 
0.026711 0.008463 0.007453 0.010179 0.035839 0.911355 
0.320429 0.000122 0.121133 0.248106 0.055937 0.254272 
0.013365 0.009208 0.000002 0.175650 0.024375 0.777400 
0.069824 0.006702 0.000005 0.144656 0.045520 0.733293 
0.007973 0.102536 0.040061 0.531078 0.033691 0.284661 
0.000028 0.003628 0.000998 0.411027 0.024140 0.560179 
0.000195 0.016083 0.009544 0.076238 0.039159 0.858780 
0.051583 0.011622 0.000003 0.054324 0.034329 0.848138 
0.027667 0.011911 0.009924 0.068270 0.023323 0.858905 
0.017613 0.042448 0.000002 0.047942 0.039394 0.852600 
0.091860 0.059396 0.129503 0.269907 0.000722 0.448612 
0.029547 0.118576 0.077392 0.500168 0.098463 0.175854 
0.013592 0.140633 0.060744 0.584751 0.023454 0.176827 
0.299109 0.000201 0.159719 0.256310 0.080652 0.204010 
0.029729 0.014527 0.005766 0.011848 0.025514 0.912616 
0.107683 0.038067 0.000004 0.043860 0.036221 0.774165 
0.012912 0.075182 0.016868 0.776465 0.001703 0.116872 
0.017490 0.010123 0.000002 0.023461 0.024090 0.924833 
0.016213 0.033274 0.015804 0.043057 0.030690 0.860962 
0.008168 0.000111 0.000005 0.071501 0.022459 0.897756 
0.013180 0.016897 0.000001 0.020524 0.004687 0.944710 
0.046881 0.016338 0.005923 0.014665 0.016884 0.899310 
0.002720 0.002057 0.004338 0.009296 0.032853 0.948737 
0.025266 0.000037 0.000002 0.028162 0.018285 0.928247 
0.017806 0.014293 0.007565 0.032434 0.013946 0.913956 
0.015642 0.004714 0.000003 0.065520 0.033771 0.880349 
0.009782 0.051509 0.011117 0.863919 0.026686 0.036986 
0.028592 0.007494 0.004323 0.013479 0.039843 0.906270 
0.031720 0.009789 0.000001 0.007159 0.025966 0.925365 
0.010369 0.012555 0.002984 0.121870 0.021472 0.830751 
0.028877 0.034294 0.015060 0.060530 0.012979 0.848259 
0.016784 0.000053 0.000003 0.015524 0.019661 0.947975 
0.049371 0.015990 0.005621 0.030361 0.043429 0.855228 
0.057323 0.021587 0.011103 0.345234 0.011517 0.553235 
0.405308 0.000222 0.099056 0.233149 0.060600 0.201665 
0.042667 0.006927 0.001528 0.000872 0.017971 0.930034 
0.027206 0.000033 0.005267 0.339807 0.009959 0.617727 
0.038145 0.016701 0.003727 0.004124 0.025716 0.911588 
0.001532 0.017200 0.000009 0.042466 0.001981 0.936812 
0.000066 0.173940 0.003696 0.815991 0.001084 0.005223 
0.484811 0.041669 0.138958 0.142427 0.000289 0.191846 
0.051629 0.013826 0.000003 0.038637 0.034281 0.861625 
0.089529 0.037384 0.000002 0.020156 0.038263 0.814666 
0.051830 0.015812 0.010127 0.032722 0.033968 0.855543 
0.006811 0.000107 0.000009 0.089176 0.022451 0.881446 
0.029981 0.037633 0.000007 0.056069 0.008428 0.867883 
0.015850 0.000126 0.011999 0.041306 0.037276 0.893443 
0.090213 0.029138 0.013743 0.030514 0.117301 0.719091 
0.385110 0.000000 0.060522 0.183047 0.120217 0.251104 
0.169649 0.000000 0.030296 0.478116 0.052898 0.269040 
0.547923 0.037616 0.046617 0.300724 0.005431 0.061689 
0.216245 0.000000 0.062977 0.503935 0.022754 0.194089 
0.237709 0.000000 0.030724 0.415973 0.050834 0.264760 
0.279524 0.000000 0.042784 0.474915 0.034423 0.168353 
0.171610 0.000000 0.047897 0.524689 0.041959 0.213845 
0.258601 0.000000 0.026906 0.421344 0.050556 0.242593 
0.209031 0.000000 0.034333 0.463211 0.048217 0.245208 
0.094962 0.000000 0.023534 0.628924 0.050209 0.202370 
0.127163 0.000000 0.045569 0.544840 0.067738 0.214690 
0.111056 0.000000 0.045328 0.531550 0.055784 0.256282 
0.131809 0.000000 0.049136 0.502656 0.057494 0.258905 
0.134116 0.000000 0.068470 0.480201 0.080564 0.236649 
0.150350 0.000000 0.031589 0.487400 0.064838 0.265823 
0.155215 0.000000 0.035108 0.593846 0.045272 0.170559 
0.165600 0.025743 0.042522 0.354942 0.074608 0.336585 
0.119245 0.012347 0.031859 0.144837 0.293447 0.398265 
0.089651 0.036257 0.061374 0.292488 0.139867 0.380363 
0.132484 0.028157 0.039312 0.323840 0.066819 0.409388 
0.117153 0.000000 0.063228 0.239009 0.190151 0.390458 
0.093221 0.000000 0.050224 0.301306 0.116916 0.438334 
0.060514 0.000000 0.052848 0.251190 0.398621 0.236826 
0.126906 0.000000 0.014078 0.268623 0.172458 0.417934 
0.077019 0.020329 0.002677 0.025235 0.764754 0.109986 
0.067059 0.012469 0.058885 0.259553 0.179750 0.422283 
0.200339 0.022617 0.065137 0.172341 0.104907 0.434659 
0.133543 0.000000 0.022909 0.304053 0.243408 0.296087 
0.110047 0.013871 0.018292 0.257884 0.135602 0.464303 
0.132301 0.029689 0.048072 0.196851 0.135808 0.457279 
0.026188 0.000000 0.000251 0.024355 0.918861 0.030346 
0.032281 0.000000 0.877721 0.011632 0.006634 0.071731 
0.161456 0.000000 0.056168 0.250720 0.115227 0.416429 
0.179530 0.022142 0.404504 0.160757 0.021582 0.211485 
0.087967 0.000000 0.303392 0.136860 0.057832 0.413949 
0.146582 0.000000 0.027155 0.047276 0.772143 0.006844 
0.114919 0.000000 0.031370 0.302211 0.147562 0.403937 
0.130637 0.000000 0.062657 0.269711 0.057924 0.479071 
0.069729 0.000000 0.052296 0.143053 0.468203 0.266720 
0.026367 0.000000 0.945635 0.010835 0.000768 0.016395 
0.154223 0.000000 0.051061 0.224710 0.109032 0.460973 
0.073581 0.000000 0.061356 0.181148 0.151674 0.532241 
0.164053 0.005941 0.036068 0.612741 0.042301 0.138896 
0.134455 0.008068 0.065868 0.540218 0.056699 0.194693 
0.157468 0.000000 0.058916 0.603019 0.023155 0.157443 
0.164144 0.000000 0.109065 0.538914 0.033001 0.154876 
0.161581 0.000000 0.036803 0.597042 0.043387 0.161188 
0.155017 0.000000 0.045189 0.449121 0.062342 0.288331 
0.018091 0.000000 0.920668 0.024894 0.024931 0.011416 
0.017695 0.000000 0.835729 0.004721 0.052272 0.089583 
0.168130 0.000000 0.060124 0.527007 0.119456 0.125284 
0.003340 0.000000 0.007254 0.024023 0.047959 0.917423 
0.176560 0.000000 0.140056 0.283476 0.081685 0.318224 
0.172453 0.005101 0.062428 0.510284 0.044158 0.205576 
0.035411 0.000000 0.875303 0.011432 0.006360 0.071494 
0.025679 0.000000 0.947060 0.009469 0.000780 0.017012 
0.147242 0.000000 0.028759 0.047985 0.769145 0.006869 
0.779258 0.065093 0.091479 0.000940 0.001787 0.061443 
0.125320 0.000000 0.056624 0.592112 0.031267 0.194677 
0.149199 0.000000 0.044964 0.614408 0.023236 0.168192 
0.166956 0.000000 0.043009 0.598002 0.023378 0.168655 
0.140575 0.000000 0.007788 0.559611 0.082392 0.209634 
0.010399 0.012191 0.890942 0.009194 0.023418 0.053856 
0.081757 0.000000 0.305455 0.292972 0.105917 0.213898 
0.152985 0.000000 0.100701 0.414719 0.075638 0.255956 
0.108204 0.000000 0.053755 0.532228 0.114992 0.190821 
0.151756 0.000000 0.035921 0.481894 0.089239 0.241191 
0.129991 0.000000 0.007898 0.589607 0.107563 0.164942 
0.158484 0.000000 0.015184 0.516744 0.083498 0.226091 
0.092898 0.005680 0.011592 0.558607 0.099513 0.231710 
0.085095 0.000000 0.033880 0.592025 0.129397 0.159603 
0.132762 0.000000 0.077782 0.575479 0.028967 0.185010 
0.154249 0.000000 0.042918 0.592303 0.030673 0.179857 
0.241740 0.000000 0.072564 0.498178 0.033051 0.154467 
0.156634 0.010653 0.063886 0.571602 0.025594 0.171630 
0.153867 0.013070 0.059345 0.559168 0.036059 0.178491 
0.157976 0.000000 0.059481 0.567944 0.032102 0.182496 
0.154233 0.000000 0.078464 0.550167 0.037405 0.179731 
0.150541 0.007242 0.054469 0.615456 0.019995 0.152297 
0.173601 0.000000 0.059621 0.562266 0.033767 0.170745 
0.147768 0.008867 0.069278 0.572683 0.039041 0.162362 
0.153757 0.004088 0.066051 0.559145 0.041785 0.175175 
0.171940 0.000000 0.041591 0.588265 0.032300 0.165904 
0.300536 0.009475 0.276140 0.211844 0.077233 0.124772 
0.047841 0.035256 0.386181 0.278429 0.066726 0.185566 
0.045135 0.000001 0.886603 0.024638 0.024321 0.019301 
0.035013 0.000001 0.801276 0.062625 0.059407 0.041679 
0.064046 0.000001 0.388409 0.159792 0.281944 0.105808 
0.053101 0.000001 0.696162 0.092918 0.055905 0.101913 
0.101360 0.000001 0.626199 0.145071 0.108641 0.018727 
0.427316 0.000001 0.270455 0.141529 0.100715 0.059984 
0.163021 0.000001 0.569249 0.116571 0.097231 0.053927 
0.163224 0.000001 0.540974 0.152870 0.095369 0.047563 
0.073739 0.033785 0.742491 0.067857 0.031552 0.050576 
0.076138 0.014956 0.690240 0.097214 0.050226 0.071227 
0.136232 0.022686 0.312962 0.308243 0.142155 0.077723 
0.088050 0.025456 0.287699 0.382456 0.117081 0.099259 
0.088223 0.027999 0.722869 0.010095 0.048710 0.102103 
0.054675 0.013220 0.742239 0.028867 0.039946 0.121052 
0.596488 0.000001 0.151030 0.078892 0.011225 0.162364 
0.068245 0.043751 0.340564 0.136267 0.256712 0.154462 
0.042501 0.016853 0.324625 0.197595 0.243417 0.175009 
0.013359 0.000000 0.915362 0.001783 0.047831 0.021666 
0.025865 0.000001 0.834927 0.010028 0.067200 0.061979 
0.390794 0.000001 0.333605 0.170630 0.006912 0.098058 
0.003173 0.047767 0.800850 0.029731 0.039322 0.079159 
0.149795 0.000001 0.647016 0.038717 0.122042 0.042429 
0.041563 0.000001 0.399507 0.302064 0.175458 0.081407 
0.013316 0.000001 0.910663 0.012720 0.014710 0.048591 
0.071813 0.008952 0.589494 0.102881 0.152356 0.074505 
0.209506 0.000001 0.374494 0.261756 0.042449 0.111795 
0.229841 0.000001 0.443054 0.147166 0.084452 0.095485 
0.073611 0.000001 0.780132 0.026547 0.047637 0.072071 
0.122856 0.047145 0.590823 0.137466 0.024275 0.077436 
0.034097 0.000001 0.686732 0.066188 0.162698 0.050285 
0.012090 0.047062 0.772535 0.031958 0.085402 0.050952 
0.076857 0.000001 0.633646 0.072643 0.106198 0.110656 
0.004221 0.014677 0.768634 0.035076 0.159013 0.018380 
0.001230 0.000000 0.880991 0.001151 0.102027 0.014600 
0.144242 0.000001 0.297971 0.293774 0.210227 0.053785 
0.016632 0.000001 0.816975 0.010777 0.115359 0.040256 
0.023525 0.006571 0.809499 0.008294 0.053863 0.098248 
0.007847 0.000001 0.947586 0.020579 0.010387 0.013600 
0.074456 0.000001 0.712714 0.058075 0.128226 0.026528 
0.000620 0.000000 0.959234 0.006119 0.031862 0.002164 
0.009425 0.075971 0.874360 0.012388 0.025703 0.002153 
0.091061 0.018581 0.704628 0.026610 0.071614 0.087507 
0.249038 0.000001 0.098900 0.395852 0.126337 0.129871 
0.045501 0.000001 0.662289 0.049215 0.156106 0.086889 
0.006110 0.000001 0.844890 0.017247 0.059457 0.072295 
0.017139 0.037248 0.826732 0.014476 0.079722 0.024682 
0.099475 0.000001 0.710949 0.022187 0.076136 0.091252 
0.535251 0.047242 0.129074 0.118249 0.020378 0.149806 
0.092211 0.000001 0.733586 0.032803 0.034443 0.106956 
0.009850 0.024352 0.921948 0.011769 0.015863 0.016218 
0.177525 0.048618 0.370872 0.174740 0.151335 0.076910 
0.067798 0.000001 0.714132 0.098836 0.085488 0.033746 
0.123896 0.006048 0.792285 0.061075 0.006385 0.010311 
0.087220 0.000001 0.457265 0.204605 0.155539 0.095370 
0.081393 0.000001 0.637646 0.047316 0.092081 0.141562 
0.014654 0.000001 0.741433 0.041370 0.083566 0.118976 
0.053588 0.000001 0.647701 0.078384 0.084775 0.135551 
0.016268 0.010814 0.748432 0.052895 0.068471 0.103121 
0.041795 0.032105 0.818733 0.027455 0.029057 0.050854 
0.342308 0.000001 0.244377 0.180762 0.148068 0.084485 
0.189142 0.036558 0.637554 0.094355 0.023906 0.018485 
0.267706 0.000001 0.521585 0.140123 0.028544 0.042041 
0.358785 0.193539 0.247303 0.125766 0.31066 1.38669 
4.63677 0.228968 1.39377 9.12764 4.40595 11.8122 
0.0660554 0.0456338 0.334812 0.137401 0.14489 0.0736871 
0.0326937 0.057657 1.29692 0.0735343 0.33424 0.0690822 
0.421479 0.239039 0.123064 0.218709 0.322416 1.64316 
0.557352 0.0925604 0.357155 1.04101 0.338229 0.838506 
0.637795 0.369862 0.222494 0.536454 0.505117 3.39814 
1.00155 0.0609914 0.303645 0.505336 0.176175 0.673588 
6.05727 0.190411 1.5985 1.00551 0.103756 1.14644 
0.636736 0.185855 0.870012 0.701114 0.355184 1.00908 
0.473031 0.414846 0.20459 1.07211 0.581172 5.60068 
0.318056 0.151815 0.146618 0.19852 0.237263 1.34986 
1.05213 0.247368 0.591817 1.54696 27.4511 0.867124 
2.05225 0.0308022 0.737881 1.40569 0.320766 1.14252 
0.442537 0.328777 0.196881 0.715863 0.425934 3.09639 
3.61756 0.0434858 1.11329 7.30704 1.3145 4.4889 
0.868383 0.0644405 0.646515 1.32408 0.656868 1.18086 
0.936031 0.137456 5.62437 0.954368 1.02391 0.953401 
